-0.9417866468429565
-0.7907631397247314
-0.9588525295257568
-0.8782013654708862
-0.961417555809021
-0.9803202748298645
-0.9785702228546143
-0.7787925004959106
-0.9559862017631531
-0.9287238121032715
0.96384197473526
0.9472430944442749
-0.9593196511268616
-0.983193039894104
-0.9117240309715271
-0.9565553665161133
-0.9565132856369019
-0.9759085774421692
-0.7711043953895569
-0.4186178147792816
-0.9470601081848145
-0.8300213813781738
0.901806116104126
-0.9879468083381653
-0.6555313467979431
-0.9318771958351135
-0.9535636901855469
-0.8859485387802124
-0.9545464515686035
-0.9765617251396179
-0.46040695905685425
-0.8937504291534424
0.20906156301498413
-0.8976332545280457
-0.7732575535774231
-0.9638102650642395
-0.9599262475967407
-0.9581131935119629
-0.9318407773971558
-0.9758799076080322
-0.8927791714668274
0.9531515836715698
-0.9091145396232605
-0.2019464373588562
-0.9526534676551819
-0.523777961730957
-0.9685318470001221
-0.8435943722724915
-0.881784975528717
-0.905530571937561
-0.9569812417030334
-0.9459768533706665
-0.7915348410606384
0.979442834854126
-0.8554314374923706
0.9677503108978271
-0.9760597944259644
-0.9032730460166931
-0.5885255336761475
0.960324227809906
-0.9601010680198669
-0.9173893928527832
-0.9682395458221436
-0.96140456199646
-0.9780245423316956
-0.9183080196380615
-0.9720839858055115
-0.8303318619728088
-0.6127163767814636
-0.729559600353241
-0.1818193793296814
-0.8750248551368713
-0.9503635764122009
-0.9476332664489746
0.979103684425354
-0.9513145089149475
-0.9738439917564392
-0.9363529682159424
0.9576884508132935
-0.9317674040794373
-0.9395151138305664
0.7427775859832764
-0.9813694953918457
-0.9763365983963013
0.7142443656921387
0.9336640238761902
-0.9635061025619507
-0.9729348421096802
0.9184612035751343
-0.9661248922348022
-0.8291976451873779
-0.958349883556366
-0.7950842380523682
-0.9346305727958679
-0.9653412699699402
-0.7591743469238281
-0.9619231224060059
-0.9460645318031311
-0.4946202337741852
-0.9794415235519409
-0.9752577543258667
-0.9614641666412354
-0.8625848889350891
-0.9842233657836914
-0.9281084537506104
-0.9815154075622559
-0.9803000092506409
-0.940231204032898
-0.9505912065505981
-0.9001508951187134
-0.08033490926027298
-0.7533048391342163
0.8144579529762268
0.9556869864463806
0.9375369548797607
0.9126370549201965
-0.9745798707008362
0.2991040349006653
-0.9177100658416748
-0.9703395962715149
0.7681573629379272
-0.9416527152061462
0.9198290705680847
-0.9384174346923828
-0.5102086663246155
-0.8903414607048035
-0.9145943522453308
-0.9187387228012085
-0.977034866809845
-0.9710038304328918
-0.988984227180481
0.7811165452003479
-0.9830020070075989
-0.9138578176498413
-0.95409095287323
-0.9663952589035034
0.9409541487693787
-0.6680643558502197
0.9751055240631104
-0.924454927444458
0.8581649661064148
-0.9715075492858887
-0.9176048636436462
-0.9686104655265808
-0.904723048210144
-0.9805549383163452
-0.8259360790252686
-0.7449995875358582
-0.9536322355270386
-0.8708930611610413
-0.990821123123169
-0.9798537492752075
-0.9710479378700256
-0.9428372383117676
0.8985496163368225
-0.9787423610687256
-0.9393547773361206
-0.9772335290908813
-0.9811577200889587
-0.9462042450904846
0.9659889936447144
0.9718081951141357
-0.7416887283325195
-0.9405236840248108
0.8968198895454407
0.5087689757347107
-0.9685829877853394
-0.9343996644020081
0.2403409481048584
-0.7259001731872559
-0.9760683178901672
-0.9670020341873169
0.7458082437515259
-0.9392223954200745
-0.8794482946395874
-0.9750949740409851
0.9383487701416016
-0.7692388296127319
-0.6211124658584595
-0.9688473343849182
-0.7193479537963867
-0.9408648610115051
-0.9569594860076904
0.9705389142036438
-0.9784005880355835
-0.9614294767379761
-0.9621480703353882
-0.9868364930152893
-0.9403661489486694
-0.9551042318344116
-0.9219261407852173
-0.9318805932998657
-0.9212702512741089
-0.9526999592781067
-0.9735449552536011
-0.8418557643890381
-0.9543993473052979
-0.7320973873138428
-0.9560702443122864
-0.9324994087219238
-0.9491426944732666
-0.964748203754425
-0.7127571702003479
-0.5781720280647278
-0.7676390409469604
-0.7236968874931335
-0.958619236946106
0.32072359323501587
0.23744091391563416
-0.6385954022407532
-0.8322736620903015
0.9399895071983337
-0.9476211667060852
-0.9712985754013062
-0.9640564322471619
-0.4371604323387146
-0.9792500734329224
-0.8326693177223206
-0.9519159197807312
-0.9462753534317017
-0.9631224274635315
-0.9063301682472229
-0.9756298065185547
-0.9797645211219788
-0.3987184762954712
-0.9737095832824707
-0.6782509088516235
-0.9475710391998291
-0.8963391780853271
0.9487583637237549
-0.9732769727706909
-0.9289830923080444
-0.9442546367645264
-0.9405326843261719
-0.9703670144081116
-0.9506655931472778
-0.978827714920044
-0.9310441613197327
-0.9563091993331909
-0.8857849836349487
-0.9642937779426575
-0.9438297152519226
0.8926073312759399
-0.8999069929122925
0.7883797287940979
-0.9565871953964233
-0.9115403890609741
-0.9554272890090942
0.567650556564331
0.6506385207176208
-0.9570148587226868
-0.3572561740875244
-0.8699339032173157
0.9334327578544617
-0.9801666736602783
-0.9705407619476318
-0.682624876499176
-0.9839089512825012
-0.9719929099082947
-0.6899628043174744
-0.9668716788291931
-0.9841665029525757
-0.9438130855560303
-0.9231786727905273
-0.029951486736536026
-0.38764455914497375
-0.8687399625778198
-0.9753846526145935
-0.7114071249961853
-0.9089431762695312
0.9159222841262817
-0.981541097164154
-0.8940281867980957
-0.8218188881874084
-0.9711915254592896
-0.9474745988845825
0.4842022955417633
-0.7191715240478516
-0.9704152345657349
-0.9661852121353149
-0.7549357414245605
0.6260936260223389
-0.8827805519104004
-0.965359628200531
0.9498049020767212
-0.9560116529464722
-0.9538588523864746
-0.9718013405799866
-0.8761802315711975
-0.9135328531265259
-0.8858364820480347
-0.7370341420173645
0.13096022605895996
-0.6681531667709351
0.5951684713363647
-0.9388018250465393
-0.9753750562667847
0.9753975868225098
-0.9602826833724976
-0.8980018496513367
-0.9749359488487244
0.8017407655715942
-0.9452453851699829
-0.7071985006332397
-0.8447775840759277
-0.8837664723396301
-0.8698636889457703
-0.98282390832901
-0.9808595776557922
-0.9220054149627686
-0.7531930804252625
-0.9469956755638123
-0.9592177867889404
-0.926352858543396
-0.8511038422584534
-0.9292645454406738
-0.9689561128616333
-0.8154356479644775
-0.9341493248939514
-0.9498131275177002
-0.828616738319397
-0.9019106030464172
-0.2577713131904602
-0.9397169351577759
-0.974421501159668
-0.8271980285644531
-0.9735984802246094
-0.9848889112472534
-0.84791499376297
-0.9211800694465637
-0.9622095823287964
-0.9582905769348145
-0.948737382888794
-0.8073369264602661
-0.9566034078598022
0.9341430068016052
0.7027502655982971
-0.9411637187004089
0.955875813961029
-0.8678053617477417
-0.8691248893737793
-0.8974225521087646
-0.7085041403770447
-0.8608762621879578
-0.9320793747901917
0.9596985578536987
-0.6081114411354065
-0.974492073059082
-0.9386356472969055
-0.951294481754303
0.9134805798530579
-0.7441709041595459
-0.9665022492408752
-0.9839354157447815
-0.7821308374404907
0.8610554337501526
-0.9770258665084839
-0.9547268748283386
-0.9875011444091797
-0.9267944693565369
-0.8597115874290466
-0.5430505275726318
-0.9680521488189697
-0.9823204874992371
0.9923368692398071
-0.9493328332901001
-0.9180118441581726
-0.9323978424072266
-0.9193113446235657
-0.9159306287765503
-0.9260313510894775
-0.7902573347091675
0.9696500301361084
-0.912283718585968
-0.9507054686546326
-0.7975772023200989
0.840265691280365
-0.9458454847335815
-0.7285524606704712
-0.7228642702102661
-0.9381939768791199
-0.9572547674179077
-0.969271183013916
-0.9078710079193115
-0.983721911907196
-0.931006133556366
-0.8244813084602356
-0.9488489627838135
0.968610405921936
0.6887414455413818
-0.9497243762016296
-0.029332701116800308
-0.983015239238739
-0.8140800595283508
-0.8270034790039062
-0.967698335647583
-0.7281996011734009
-0.882107675075531
-0.1868942230939865
0.9661350846290588
-0.9240327477455139
-0.9512786865234375
0.9036935567855835
-0.9073505401611328
-0.9614410996437073
-0.9774567484855652
-0.9747037887573242
-0.945726752281189
-0.9793634414672852
-0.9601483941078186
-0.9801592826843262
-0.981277585029602
0.9498463273048401
0.9707133173942566
-0.9858202934265137
-0.9554702043533325
-0.7325875163078308
-0.9550245404243469
-0.7359621524810791
-0.9395706653594971
-0.9630283713340759
-0.979995608329773
-0.5781278610229492
-0.9545698761940002
-0.986838161945343
-0.7151461839675903
-0.9651357531547546
-0.9459195137023926
-0.9459308385848999
-0.756298840045929
-0.9622779488563538
-0.969584584236145
-0.9416699409484863
-0.9834033846855164
0.9723602533340454
-0.7368548512458801
-0.7450195550918579
-0.9741459488868713
-0.9647319316864014
0.6944617629051208
-0.9500072002410889
0.9600003957748413
0.9619855284690857
-0.9665284752845764
0.7881942391395569
-0.9350953698158264
-0.9822645783424377
-0.9646090865135193
-0.9259262084960938
-0.8711885213851929
-0.9667205214500427
-0.9782627820968628
-0.44552940130233765
-0.9155966639518738
0.9048047065734863
-0.8067737221717834
-0.9716421961784363
-0.9148233532905579
-0.9781653881072998
-0.9519402384757996
-0.8616126179695129
-0.8667235970497131
-0.919818103313446
-0.884864091873169
0.14181044697761536
0.922012209892273
-0.9750799536705017
-0.9479396343231201
-0.18630985915660858
-0.7212779521942139
-0.9298308491706848
-0.9554092884063721
-0.9749174118041992
-0.8735592365264893
-0.9036663770675659
-0.9048736095428467
-0.9815996885299683
-0.564886212348938
-0.9390077590942383
-0.9410295486450195
-0.9098458290100098
0.8923375010490417
-0.9773989319801331
-0.9579249620437622
-0.9735364317893982
-0.9544602036476135
-0.8984005451202393
-0.9184795618057251
-0.9499328136444092
-0.9793054461479187
-0.9744381904602051
-0.941971480846405
-0.5228756666183472
-0.96477872133255
-0.9228227734565735
-0.9692250490188599
0.9182339906692505
-0.9836628437042236
-0.966127872467041
-0.9765174984931946
-0.9514089822769165
-0.7406569123268127
-0.975643515586853
-0.9344223737716675
-0.8424302339553833
-0.9719988107681274
-0.6005469560623169
0.4530763626098633
-0.9756454229354858
-0.9502785801887512
0.8891143798828125
-0.9731669425964355
-0.9647713899612427
-0.9661832451820374
-0.8007027506828308
-0.716816782951355
-0.9013473391532898
-0.945385217666626
-0.6279376149177551
0.5731563568115234
-0.9331484436988831
-0.9663261771202087
-0.9626801013946533
-0.9272448420524597
-0.941620945930481
-0.978510856628418
-0.9581178426742554
-0.8934161067008972
0.33839690685272217
0.9584553241729736
-0.7939440011978149
-0.939838171005249
-0.9307043552398682
-0.9070178866386414
-0.9395363926887512
-0.9801750183105469
-0.9154884815216064
-0.9156345129013062
-0.9710184335708618
-0.9647802114486694
0.8503025770187378
-0.4660080075263977
0.9555579423904419
-0.9660030603408813
-0.9475171566009521
0.8886899352073669
-0.6859228014945984
-0.9148528575897217
-0.22100134193897247
-0.95395827293396
-0.9588770270347595
0.983818531036377
-0.3482281565666199
-0.9497302770614624
-0.8581099510192871
0.9741452932357788
-0.9722445011138916
-0.9591451287269592
0.6444576382637024
0.9773921966552734
-0.970791757106781
-0.9333453178405762
-0.967236340045929
-0.9611290097236633
-0.9131377339363098
-0.9587665796279907
-0.9681433439254761
-0.18626908957958221
-0.9623561501502991
-0.9747425317764282
-0.9810055494308472
0.20798149704933167
-0.8317484259605408
0.9415851831436157
-0.8961567878723145
-0.7909918427467346
-0.9128789305686951
-0.9714562296867371
-0.9761643409729004
-0.9372493624687195
-0.9614388942718506
-0.6616917848587036
0.8966293334960938
-0.6302233934402466
0.3376680016517639
0.2608306109905243
-0.9622864723205566
-0.925249457359314
0.9624773859977722
-0.9708230495452881
-0.9545775055885315
-0.9586358070373535
-0.9784970879554749
-0.9806385040283203
-0.9484966397285461
-0.8808001279830933
-0.9569962024688721
-0.8982042670249939
-0.9698830842971802
-0.7279244661331177
-0.9576289057731628
-0.9622129797935486
0.8405940532684326
-0.9330732822418213
0.95958012342453
-0.9593859910964966
-0.5214895606040955
-0.5592663288116455
-0.8687850832939148
0.09968721866607666
0.9563553333282471
-0.9697401523590088
0.9030582904815674
0.9885363578796387
-0.9598613977432251
-0.9459648728370667
-0.9782314300537109
-0.9303997159004211
-0.9640663862228394
-0.9350720047950745
0.9762006402015686
-0.9775840640068054
-0.9306421279907227
-0.9149884581565857
-0.8211137056350708
-0.4742543697357178
-0.9601807594299316
-0.9319191575050354
-0.9061458706855774
-0.9733682870864868
0.9587846994400024
-0.9586952924728394
-0.8421697616577148
-0.9138917922973633
0.9872527122497559
-0.9816852807998657
-0.4540863037109375
0.9737710952758789
0.4590664803981781
-0.9689206480979919
-0.9521467685699463
-0.9622336626052856
-0.958580493927002
-0.9195547699928284
-0.9668548703193665
-0.9101777076721191
-0.5283696055412292
0.9539498090744019
0.9676381349563599
0.9326136112213135
0.8938056826591492
-0.987000584602356
-0.9436256885528564
-0.9802370071411133
0.9717819094657898
-0.9527961015701294
0.9752517342567444
-0.9773033857345581
-0.8751739859580994
-0.933101236820221
-0.865895688533783
-0.9207020998001099
0.06229601055383682
-0.39685800671577454
0.9161497354507446
0.9832324981689453
-0.943166196346283
-0.7743712067604065
0.17154188454151154
-0.9837219715118408
0.8858785033226013
-0.7634257674217224
0.9346007704734802
-0.9745418429374695
-0.9743456244468689
-0.9770568013191223
-0.9892994165420532
-0.980550229549408
-0.8977216482162476
-0.9785155653953552
-0.9730233550071716
-0.921311616897583
-0.9816409349441528
-0.9403003454208374
-0.9733240008354187
-0.7875015735626221
-0.9474875926971436
-0.9375982284545898
-0.9630653262138367
-0.08262822777032852
-0.8426253795623779
0.9383558034896851
-0.6795635223388672
-0.965688943862915
-0.9653849005699158
-0.9217217564582825
0.921647310256958
0.8761807680130005
0.9006035327911377
-0.8101934194564819
-0.43756231665611267
-0.9754509925842285
-0.9535061717033386
-0.8760426044464111
-0.6500365138053894
-0.7883710265159607
-0.9470407366752625
-0.8857060670852661
0.9543650150299072
-0.8162678480148315
-0.5046537518501282
-0.890131413936615
-0.058089904487133026
-0.958678662776947
-0.901136577129364
0.8404659628868103
-0.7221444249153137
-0.9656293988227844
-0.8986542224884033
0.8063037991523743
-0.9539535045623779
-0.8793432116508484
-0.5628586411476135
-0.9340987801551819
0.9659873247146606
-0.7878780961036682
-0.9714685082435608
-0.9471463561058044
-0.9737736582756042
-0.9467076659202576
-0.9711575508117676
-0.9152622222900391
-0.7771503925323486
-0.9579747915267944
0.16947463154792786
-0.6770968437194824
-0.9562773704528809
-0.9325023293495178
-0.8896968364715576
0.9621132016181946
0.9787282347679138
-0.6695454716682434
-0.5645983815193176
0.9425930380821228
-0.8718373775482178
-0.9697064161300659
-0.854347288608551
0.8267574310302734
-0.767006516456604
-0.9510793089866638
0.9675959944725037
-0.960759162902832
0.9680285453796387
-0.9470444917678833
-0.9537990689277649
-0.015393509529531002
-0.9272284507751465
-0.9659342765808105
0.960396409034729
-0.9367824792861938
0.9575934410095215
-0.9648361206054688
-0.7862073183059692
-0.930397629737854
-0.9223412871360779
0.2566984295845032
-0.9771035313606262
-0.9796023368835449
0.7039049863815308
-0.7259865999221802
-0.9749231338500977
-0.4348653554916382
-0.6239343881607056
-0.9643567204475403
-0.7660674452781677
-0.949209451675415
-0.9604529738426208
-0.8417736291885376
-0.9768542051315308
-0.9844657182693481
0.8792999386787415
0.6575531959533691
-0.8974568843841553
-0.9641205668449402
-0.9286187291145325
-0.8634027242660522
-0.9502048492431641
-0.9521664381027222
-0.9158862829208374
-0.9091106057167053
-0.9797750115394592
-0.7961102724075317
-0.989215612411499
-0.9571564793586731
-0.9667867422103882
-0.9763764142990112
-0.9059853553771973
-0.9725068807601929
-0.16724416613578796
-0.9266056418418884
-0.968564510345459
-0.9083617329597473
0.8770337104797363
-0.9767665266990662
0.9694375395774841
-0.955795168876648
-0.903030514717102
-0.9623139500617981
-0.7082169055938721
-0.9764441251754761
-0.9042781591415405
-0.9332258701324463
-0.522526204586029
-0.9374671578407288
-0.7818185091018677
-0.9709895253181458
-0.6533985733985901
-0.9632870554924011
-0.9278602600097656
-0.9543402194976807
-0.8793977499008179
-0.8987224698066711
0.9154091477394104
-0.9774699807167053
-0.9693592190742493
-0.9868132472038269
-0.9603339433670044
-0.9260959029197693
-0.7407026886940002
-0.9661957025527954
-0.9502144455909729
-0.8882932662963867
-0.9670131802558899
-0.9232659339904785
-0.9449544548988342
-0.9278858304023743
-0.9728788137435913
-0.8532634973526001
-0.42879289388656616
-0.6835494637489319
0.8806921243667603
0.9639058113098145
-0.9060859084129333
0.9772809743881226
-0.9581531286239624
-0.8479077219963074
-0.9094874858856201
-0.8972114324569702
-0.9732553362846375
-0.9475887417793274
-0.8922873139381409
-0.9662878513336182
0.9851492643356323
-0.9725926518440247
-0.8576871752738953
-0.6587976813316345
-0.9774870276451111
-0.9654589295387268
-0.9801769256591797
0.6185283660888672
-0.9407141208648682
-0.9583193063735962
-0.5021172761917114
-0.9646584987640381
-0.9756156206130981
-0.9599307775497437
-0.9338113069534302
-0.9790897369384766
-0.9804410934448242
-0.4618476629257202
-0.9594230651855469
-0.9786895513534546
-0.9509559869766235
-0.9704670906066895
-0.7435867190361023
-0.9821373820304871
0.7034863233566284
-0.912285566329956
-0.9787392020225525
-0.9641150236129761
-0.9493985176086426
-0.8357784748077393
-0.9088101387023926
-0.2586541473865509
-0.971125602722168
-0.32404017448425293
0.9689953327178955
1.0000001192092896
-0.6256436109542847
-0.9813892841339111
-0.9050020575523376
-0.9792338609695435
-0.9744751453399658
0.9250206351280212
-0.45764586329460144
-0.9137054085731506
-0.9341545104980469
-0.05786504969000816
-0.9637341499328613
-0.7781494855880737
-0.2985275387763977
-0.9469594955444336
0.7427268624305725
-0.9407792687416077
-0.9552744626998901
-0.8794715404510498
-0.9675233364105225
-0.9323832988739014
-0.8398096561431885
-0.7485763430595398
-0.9721019864082336
-0.9444903135299683
0.9815307259559631
-0.9100157022476196
-0.9478661417961121
-0.9723814725875854
-0.9707537293434143
-0.5704116225242615
-0.9302304983139038
-0.9263712763786316
-0.9454019665718079
0.9657167196273804
-0.9840642213821411
-0.9062196612358093
-0.8088830709457397
-0.849419355392456
-0.10458715260028839
-0.23111683130264282
-0.9037289023399353
-0.816844642162323
-0.9709581732749939
-0.3239745497703552
-0.9693593382835388
-0.5994442701339722
-0.9545016288757324
-0.9614213109016418
0.9497628211975098
-0.9535738229751587
-0.948868989944458
-0.9586997032165527
0.7855439186096191
-0.9721927642822266
0.9346767663955688
-0.9689228534698486
-0.9605298638343811
-0.9275522232055664
-0.9319049715995789
-0.9517655372619629
-0.9725595116615295
0.5639217495918274
-0.900007963180542
-0.9582330584526062
-0.9546079635620117
0.9751430153846741
-0.9695214033126831
0.959213376045227
-0.9396591186523438
-0.9746348857879639
-0.9241769909858704
-0.9692762494087219
-0.8742281794548035
-0.8837238550186157
0.9654563665390015
-0.9202436208724976
1.0
0.902458131313324
0.9805206656455994
-0.34101003408432007
0.9714292287826538
-0.9541964530944824
-0.9760439395904541
-0.9706571102142334
0.9413222670555115
-0.9705528616905212
-0.9668754935264587
-0.9521679878234863
-0.9716669321060181
-0.967302680015564
-0.9547566175460815
-0.9644323587417603
0.8905096054077148
-0.7151623964309692
0.9499387145042419
0.9802396297454834
-0.9590209126472473
-0.6643278002738953
-0.968205988407135
-0.29479146003723145
0.7663096189498901
-0.9609517455101013
-0.9635336995124817
0.9318269491195679
-0.9799576997756958
-0.9800835847854614
-0.961383044719696
-0.9582997560501099
-0.9234517216682434
-0.9276652336120605
0.9722589254379272
-0.9629882574081421
-0.8994649648666382
-0.9565939903259277
-0.9416934847831726
-0.9342868328094482
-0.14408987760543823
-0.8577322959899902
0.6844145059585571
-0.9631780385971069
-0.851756751537323
-0.9579798579216003
0.5199465155601501
-0.9494593739509583
0.9109644889831543
-0.8836802244186401
-0.7221626043319702
-0.9332911372184753
-0.9748945832252502
-0.9824641346931458
-0.874751091003418
0.8993280529975891
-0.9836627244949341
-0.9744053483009338
-0.20876649022102356
-0.9689561724662781
-0.3714493215084076
-0.9661843180656433
-0.4119739532470703
-0.8993445038795471
-0.9853230118751526
-0.7823489308357239
0.9501253962516785
-0.9745184183120728
0.7794837951660156
-0.9553723931312561
-0.9663050174713135
-0.9693306088447571
-0.9586316347122192
-0.9639042019844055
0.9647049903869629
0.8991683721542358
-0.8083913326263428
-0.8840956091880798
-0.9547232389450073
0.9232302904129028
0.9693132638931274
-0.5538042187690735
-0.9683998227119446
0.9503112435340881
-0.9650514721870422
-0.969129741191864
-0.9678756594657898
-0.9051305651664734
-0.9695177674293518
-0.1739637702703476
-0.9780392646789551
-0.13470686972141266
0.8852581977844238
0.8770337104797363
0.8803716897964478
-0.9647113680839539
-0.7747949361801147
-0.927943766117096
-0.9504720568656921
-0.9183984994888306
0.8137161731719971
-0.9001948833465576
-0.2899702787399292
-0.9255946278572083
-0.9610433578491211
-0.9566839337348938
-0.9787658452987671
-0.709052324295044
-0.9788547158241272
-0.9684358835220337
0.7252134680747986
-0.9811125993728638
0.9661055207252502
0.9631984233856201
-0.9107213020324707
-0.9807982444763184
-0.515722930431366
-0.10573454946279526
-0.9577080011367798
0.08657608926296234
-0.97716224193573
0.8023894429206848
-0.06316268444061279
-0.9632620811462402
0.6432787179946899
-0.9573118686676025
-0.9294674396514893
-0.8821699023246765
-0.9791848659515381
-0.9561265707015991
-0.935351550579071
-0.957901120185852
-0.8173201680183411
-0.9667742252349854
-0.9807671308517456
-0.9648908376693726
0.8980811238288879
-0.9169660210609436
-0.9544458389282227
-0.9628505706787109
0.9214826226234436
-0.9710826277732849
0.9058489799499512
-0.6639646887779236
-0.947532594203949
-0.9120633602142334
-0.8363448977470398
-0.985615611076355
-0.9147009253501892
-0.9844785332679749
-0.970137894153595
-0.9731283783912659
-0.9743664860725403
-0.983333170413971
-0.9693008661270142
-0.7401236295700073
-0.15025556087493896
-0.9529336094856262
-0.975502073764801
-0.5999629497528076
-0.338988721370697
0.90639728307724
-0.7149320244789124
-0.9538189768791199
0.4853532910346985
0.9199593663215637
-0.9558999538421631
-0.6917415261268616
-0.9758134484291077
-0.9214043021202087
-0.5107751488685608
-0.973391592502594
-0.9395732283592224
-0.9328224062919617
-0.9128046035766602
0.6491023302078247
-0.9860392212867737
-0.9435749053955078
-0.974299967288971
-0.9709856510162354
-0.5201029777526855
-0.9079776406288147
-0.9191319942474365
-0.990821123123169
-0.897028923034668
0.8517138957977295
-0.9622299671173096
0.9578826427459717
-0.9564613103866577
0.9153755307197571
0.955369770526886
-0.9294310212135315
-0.9307615160942078
-0.9616273045539856
-0.3196897804737091
-0.9729021191596985
0.4055909514427185
-0.9852651953697205
-0.8830310702323914
0.9230731725692749
-0.8720083832740784
0.9483181238174438
-0.3985046148300171
-0.9166916608810425
-0.9633275270462036
-0.9589434862136841
-0.9720106720924377
-0.6040911674499512
-0.8837955594062805
-0.9756305813789368
-0.9300321936607361
-0.90971839427948
-0.8798304796218872
-0.9568479061126709
-0.9583524465560913
-0.8965161442756653
-0.9190102815628052
-0.7335149049758911
-0.926163911819458
-0.9737256169319153
-0.8845824003219604
0.951275646686554
-0.836972713470459
-0.9518915414810181
0.6024189591407776
-0.9741355180740356
-0.9566937685012817
0.9030073881149292
-0.9774102568626404
-0.6857312917709351
-0.9318842887878418
-0.9679415225982666
0.22822794318199158
-0.5800836682319641
-0.953677773475647
-0.9801839590072632
0.9294815063476562
-0.7562704086303711
-0.9820491075515747
0.7616742253303528
-0.4783940315246582
0.9743233919143677
-0.9648347496986389
0.427407443523407
0.9660869836807251
0.826993465423584
0.89617520570755
-0.8010812997817993
-0.9728674292564392
-0.9093579649925232
0.9742547273635864
-0.6995435953140259
-0.9802218675613403
0.9283910393714905
-0.9357422590255737
-0.9697884321212769
-0.873763918876648
-0.561856210231781
-0.9724627733230591
-0.9794085621833801
-0.8554128408432007
0.9446645975112915
-0.1395680010318756
-0.9308311939239502
0.9150744676589966
-0.9770511388778687
-0.9331369400024414
-0.8770490884780884
-0.919382631778717
0.9850069284439087
0.19357705116271973
-0.9453712105751038
-0.20296193659305573
-0.9791244268417358
-0.9617267847061157
0.9834818840026855
-0.9479092955589294
0.06733159720897675
-0.9817490577697754
-0.9067642688751221
-0.9341208338737488
0.8048598170280457
-0.59345543384552
-0.9778202176094055
-0.9878989458084106
0.9492834210395813
-0.8212969899177551
-0.9733269214630127
0.9465907216072083
-0.9681674838066101
-0.97515869140625
-0.8441964983940125
0.9704751968383789
-0.9740108251571655
-0.7350732088088989
-0.973758339881897
-0.8203038573265076
-0.8038203120231628
0.8493409752845764
-0.9771133661270142
0.9606399536132812
-0.8881074786186218
-0.929233968257904
-0.949719250202179
-0.9802199602127075
-0.8306544423103333
-0.9868571758270264
-0.7691683173179626
-0.973459005355835
0.4045732915401459
-0.9600144624710083
0.6467843055725098
-0.9475321173667908
-0.9406917691230774
-0.44398847222328186
-0.977399468421936
0.9120997190475464
-0.8061630129814148
-0.923737645149231
-0.17982067167758942
-0.9846270680427551
0.9533194303512573
-0.6431923508644104
0.9827415943145752
-0.7409675121307373
-0.9038637280464172
-0.9369165301322937
-0.9299100041389465
-0.38587790727615356
-0.907524049282074
-0.9228596091270447
-0.9534204006195068
-0.9753140807151794
-0.928135097026825
-0.9659063220024109
0.953597366809845
-0.8722954392433167
0.9542518854141235
-0.9471520185470581
0.15442579984664917
-0.9598343372344971
-0.8241046667098999
-0.8350543975830078
-0.9544267654418945
0.889499843120575
-0.9246455430984497
-0.9688830971717834
-0.9342220425605774
-0.9833269715309143
-0.9186867475509644
-0.8761281371116638
-0.9372924566268921
-0.8787117004394531
-0.9782003164291382
-0.9582276940345764
-0.9388750791549683
-0.8646886348724365
-0.9673184156417847
-0.899815559387207
0.6426042914390564
-0.8179395198822021
0.9775071144104004
-0.9109942317008972
-0.9583414196968079
0.07308803498744965
-0.9510353803634644
-0.9202859401702881
-0.9875773787498474
-0.9657182097434998
-0.9470831751823425
-0.9895827770233154
-0.9792372584342957
-0.9375897645950317
-0.9566717147827148
-0.9769114851951599
-0.9842290878295898
-0.8829507231712341
-0.24976597726345062
-0.695763885974884
-0.9735938310623169
-0.8778231739997864
-0.9123899340629578
-0.6076750755310059
-0.9746399521827698
-0.9820577502250671
-0.9768072366714478
-0.9292137026786804
-0.8629866242408752
-0.9447061419487
-0.6620851755142212
-0.9184502959251404
-0.9713771343231201
-0.9676896333694458
0.9737631678581238
-0.9894262552261353
-0.9096744060516357
0.4892396330833435
-0.9590262770652771
-0.8467247486114502
-0.9200853705406189
-0.9891140460968018
-0.9655309915542603
0.963186502456665
-0.9322448372840881
-0.9724705815315247
-0.9791402816772461
-0.8516438603401184
-0.7269786596298218
-0.9701091647148132
-0.8540844917297363
-0.9409575462341309
-0.3994651436805725
-0.8921441435813904
-0.9295915961265564
-0.8879026174545288
-0.9210571646690369
-0.9876037240028381
-0.8438849449157715
-0.962270200252533
0.32175764441490173
-0.9812933206558228
-0.8743596076965332
-0.8972036242485046
-0.9740598201751709
-0.9550670981407166
-0.8291229605674744
0.9303698539733887
-0.9436323642730713
-0.9174222946166992
0.38997533917427063
-0.9125510454177856
-0.939958393573761
-0.9554600119590759
-0.9701538681983948
-0.979753315448761
-0.9479223489761353
-0.712436318397522
-0.8415851593017578
-0.5959854125976562
-0.3954959511756897
-0.5864161849021912
-0.9684051871299744
-0.9756768345832825
-0.9392879009246826
-0.9875284433364868
-0.9212538003921509
0.8348206281661987
0.07785260677337646
-0.9763573408126831
0.8996081948280334
-0.9677408933639526
-0.9790802597999573
-0.9490094184875488
-0.8390458822250366
-0.9677773714065552
-0.8739877343177795
-0.9566143751144409
-0.75909423828125
-0.976136326789856
-0.742243230342865
-0.8698220252990723
0.9581652283668518
-0.9260146617889404
-0.8716676235198975
-0.9096879959106445
-0.9872927665710449
-0.9577243328094482
-0.3184370696544647
-0.953478991985321
0.9696017503738403
-0.5556662082672119
-0.2246788889169693
0.9418694972991943
-0.9778428077697754
-0.956361711025238
-0.962772011756897
-0.9830598831176758
-0.9489661455154419
0.4973141551017761
0.8900514841079712
-0.9673147201538086
-0.9756345152854919
-0.8506087064743042
-0.7258936166763306
-0.9448656439781189
-0.9484106302261353
0.9468950629234314
-0.6487691402435303
-0.7636244297027588
-0.9505918025970459
-0.9521121382713318
-0.948735773563385
-0.91292405128479
-0.7316358089447021
-0.5199297666549683
-0.30008989572525024
-0.980192244052887
-0.9281216859817505
-0.4701801538467407
-0.8513943552970886
-0.9634523391723633
-0.9644662141799927
-0.9515931606292725
-0.9648216962814331
-0.9724656343460083
-0.8820715546607971
-0.818874180316925
-0.38885897397994995
-0.9717626571655273
-0.8839734792709351
0.9817000031471252
-0.9637555480003357
-0.9661380052566528
0.7368832230567932
-0.9683731198310852
-0.9738287925720215
-0.9266649484634399
-0.5333722829818726
-0.9005321860313416
-0.9758016467094421
0.6270692348480225
0.20682358741760254
-0.9678009748458862
-0.9158700704574585
-0.3047884404659271
-0.9753086566925049
-0.9218233823776245
-0.937600314617157
-0.9835331439971924
-0.9609186053276062
-0.862744927406311
-0.7443984746932983
-0.981823205947876
-0.8984256982803345
0.9726315140724182
-0.9144682884216309
-0.9377444982528687
-0.8301791548728943
-0.46066930890083313
-0.9893513321876526
-0.9677573442459106
-0.9820804595947266
-0.8932675719261169
-0.959601640701294
0.9618431925773621
-0.8727630376815796
-0.9420791864395142
-0.9522655606269836
0.9295288920402527
-0.9662519693374634
-0.9582576751708984
-0.9231961965560913
-0.7703113555908203
-0.9424683451652527
-0.960722029209137
-0.9198682308197021
0.8540767431259155
0.9727857112884521
-0.7977456450462341
0.07226645946502686
-0.9493206739425659
-0.9127452969551086
-0.9703609347343445
-0.9778602123260498
0.4317787289619446
-0.955355703830719
-0.4958854615688324
-0.9652376174926758
-0.15884408354759216
-0.9177677035331726
-0.704151451587677
-0.9781658053398132
0.7924786806106567
-0.9801366925239563
-0.9099775552749634
-0.9503630995750427
-0.9745608568191528
-0.9244040846824646
0.7388111352920532
-0.9310646057128906
-0.9654361605644226
-0.8220993876457214
-0.8950574994087219
-0.8929228782653809
-0.960604727268219
-0.9671136140823364
-0.8496786952018738
-0.9811945557594299
0.9812789559364319
-0.8469470143318176
0.889284610748291
0.5448751449584961
0.9516087770462036
-0.9854336977005005
-0.9700224995613098
-0.9447355270385742
-0.9319425821304321
0.9588342905044556
-0.9836260080337524
-0.984568178653717
0.9866827726364136
-0.8877886533737183
-0.9609396457672119
-0.233454629778862
0.9870595932006836
-0.9464781284332275
-0.9767853617668152
-0.3594067692756653
-0.9650142192840576
-0.9771015644073486
-0.8987842798233032
-0.9796984195709229
-0.9255165457725525
-0.962519645690918
-0.923057496547699
-0.944053590297699
-0.5165650248527527
-0.9881344437599182
-0.9698556661605835
-0.8723391890525818
0.8276330828666687
-0.9630986452102661
0.2027791291475296
-0.9773597717285156
-0.9656074047088623
-0.9419974088668823
-0.866547167301178
-0.9683851003646851
-0.9838260412216187
-0.9135121703147888
-0.9322996735572815
-0.9331151247024536
-0.9249879121780396
-0.8904902935028076
-0.957711398601532
-0.9723873138427734
-0.9685940742492676
-0.9687364101409912
0.7517880797386169
-0.968390703201294
-0.9061397314071655
-0.9591778516769409
-0.9819830656051636
-0.6815568804740906
-0.9612489938735962
0.950545608997345
-0.9642286896705627
-0.9671396017074585
-0.7538736462593079
-0.9603136777877808
-0.9833401441574097
-0.867019772529602
-0.9028800129890442
-0.7017835378646851
-0.9616122841835022
-0.9615867137908936
-0.9660978317260742
-0.9714317321777344
-0.9674940705299377
-0.963118851184845
0.9311520457267761
-0.9603256583213806
0.966529369354248
0.8174382448196411
-0.9419500827789307
0.7407942414283752
-0.9856836795806885
-0.9422918558120728
0.9540114998817444
-0.950927734375
-0.9568225145339966
-0.661630392074585
-0.09969156980514526
0.905183732509613
-0.6437134742736816
-0.7751440405845642
-0.9546195864677429
-0.9623665809631348
-0.6654903888702393
-0.9741671681404114
-0.8591253161430359
0.737257719039917
-0.7905429601669312
-0.931454062461853
-0.8947464227676392
-0.6985720992088318
0.717146098613739
0.9798370599746704
-0.006229432299733162
-0.9649202227592468
-0.9520227909088135
-0.9620285034179688
-0.9479027390480042
-0.9623186588287354
-0.9606409072875977
-0.888954758644104
-0.9416599273681641
-0.9379317760467529
-0.8969374895095825
-0.9517526626586914
0.7705404162406921
-0.8946439623832703
-0.26557686924934387
0.840509831905365
-0.8276547193527222
-0.9459896087646484
-0.8994853496551514
-0.9350534677505493
-0.7809314727783203
-0.9910598397254944
0.9571983814239502
-0.721408486366272
-0.9721382260322571
-0.9448631405830383
-0.93136066198349
-0.9633550643920898
-0.8334810733795166
-0.9256371259689331
-0.945082426071167
-0.9478391408920288
-0.9087786078453064
-0.9270004034042358
-0.9618351459503174
-0.8458242416381836
-0.9119928479194641
-0.988021969795227
-0.928754985332489
-0.9185969233512878
-0.9752464294433594
-0.6882201433181763
-0.6208063960075378
-0.9398823976516724
-0.9727659821510315
-0.9640715718269348
-0.9800022840499878
-0.9030494689941406
-0.9204128980636597
-0.9407818913459778
-0.9080917239189148
-0.9352911710739136
-0.9190719723701477
-0.9354807734489441
-0.9693002700805664
-0.9687886238098145
-0.968221127986908
-0.9671639204025269
-0.9614905714988708
0.9170454740524292
-0.9432820081710815
0.4771380126476288
-0.9726738929748535
-0.9446079730987549
0.9050424098968506
0.8382284641265869
-0.7557229995727539
-0.0364254005253315
-0.958211362361908
-0.9516705274581909
0.9302537441253662
-0.8060484528541565
-0.4201287627220154
-0.8968038558959961
-0.9209414720535278
-0.4717453122138977
-0.9605550765991211
-0.6930981278419495
-0.9276127815246582
-0.9559695720672607
0.9725275039672852
-0.9565850496292114
-0.7604758143424988
-0.808111310005188
0.8763971328735352
-0.592103123664856
-0.9568838477134705
-0.9315817952156067
-0.9481329917907715
-0.9783655405044556
-0.9650089740753174
0.9835995435714722
-0.9751091599464417
-0.9627581238746643
-0.8525336980819702
-0.9720598459243774
-0.8285974264144897
-0.9585553407669067
-0.9445856809616089
0.9736838340759277
-0.9380728006362915
-0.9598088264465332
-0.9298663139343262
-0.9737293720245361
-0.7174966335296631
0.916904866695404
-0.9773849844932556
-0.9130679965019226
-0.9793190956115723
-0.9540396332740784
-0.20094214379787445
-0.5355166792869568
-0.9508554935455322
-0.9589855670928955
0.9684761762619019
-0.9697032570838928
-0.9811323285102844
-0.9276871681213379
-0.9720824360847473
-0.6770244240760803
-0.9812901020050049
-0.982036828994751
-0.9737334251403809
0.9774880409240723
-0.9645313024520874
-0.9368026852607727
-0.9677574634552002
-0.9636474251747131
-0.9712237119674683
-0.9729793667793274
-0.9238784909248352
-0.9485236406326294
-0.9677325487136841
-0.9389885663986206
-0.9690189957618713
-0.9459646940231323
-0.9552606344223022
-0.933783769607544
0.9526892304420471
-0.8976488709449768
-0.9822229146957397
0.9779583215713501
-0.5863817930221558
-0.9847411513328552
-0.8403048515319824
-0.9679390788078308
0.9614964723587036
-0.9572781324386597
0.9388934373855591
-0.29821088910102844
-0.868826150894165
-0.920009195804596
0.9825518131256104
-0.9683356285095215
-0.5289784669876099
0.979088306427002
-0.5942475199699402
-0.9786636829376221
0.8974177837371826
-0.9701484441757202
-0.9624531865119934
-0.9710134267807007
0.22003896534442902
-0.9235895872116089
-0.9376330375671387
-0.985137939453125
-0.9776583313941956
-0.9594061970710754
0.9166454672813416
0.9479015469551086
-0.9610371589660645
-0.9575192928314209
0.5916330814361572
-0.8939580321311951
-0.9785651564598083
-0.9586251378059387
-0.8469415903091431
-0.9424145221710205
-0.97705078125
-0.8341274857521057
0.9510559439659119
-0.9345843195915222
-0.9793715476989746
-0.9688367247581482
-0.9689997434616089
-0.9444127678871155
-0.9362106323242188
-0.9313989281654358
-0.9581958055496216
-0.9425567388534546
-0.9525061845779419
0.8542460799217224
-0.9744793176651001
-0.6548123955726624
-0.9448664784431458
-0.9681694507598877
-0.9696546792984009
-0.9894999265670776
-0.5958513021469116
-0.8935785889625549
-0.9502793550491333
0.9592352509498596
-0.9361004829406738
-0.8063421249389648
-0.9485942125320435
-0.9413880705833435
0.9329714775085449
0.9604573845863342
-0.9611340165138245
0.9347033500671387
-0.9004538655281067
-0.4841777980327606
0.9204496741294861
-0.9798563122749329
-0.9409247636795044
-0.9544374942779541
-0.9381711483001709
-0.9711900353431702
-0.6467614769935608
-0.8179324865341187
0.9626172780990601
-0.9793723225593567
-0.838546872138977
-0.8226624131202698
-0.961194634437561
0.8658413887023926
-0.7238468527793884
-0.8043262958526611
-0.9412170648574829
-0.9630717039108276
-0.9441705346107483
-0.767549991607666
-0.9472600221633911
-0.9777810573577881
-0.8187234997749329
-0.9430422782897949
-0.4150519371032715
0.4971214532852173
0.9482389688491821
0.9307663440704346
0.8923673629760742
-0.9331081509590149
-0.9715316891670227
0.9769177436828613
-0.9798399806022644
0.9600419998168945
-0.9769914746284485
0.19623318314552307
-0.6031588912010193
-0.9453566074371338
0.8900902271270752
-0.9196945428848267
-0.6070405840873718
-0.9374632239341736
-0.8784714341163635
-0.9622877240180969
-0.9746235013008118
-0.9396772384643555
-0.011715685948729515
-0.9787652492523193
-0.9656965136528015
-0.6603198647499084
0.4493268132209778
-0.963187038898468
-0.9603523015975952
0.7866358160972595
-0.9850919842720032
-0.4538193941116333
-0.9840558171272278
-0.7296298742294312
-0.9832653999328613
0.9881561994552612
-0.9653288722038269
-0.9335680603981018
-0.8929162621498108
-0.34244996309280396
-0.8703867197036743
0.9524573683738708
-0.8801717758178711
-0.8984017968177795
-0.9582123756408691
0.9649150967597961
0.737392783164978
-0.7434439063072205
-0.6924304366111755
-0.6735705733299255
-0.9681581258773804
-0.7385714054107666
0.9726434946060181
-0.8854683041572571
-0.9710548520088196
-0.1647699624300003
-0.968117356300354
-0.9472528696060181
-0.9573585987091064
-0.8949769139289856
-0.952171266078949
-0.9733171463012695
-0.9795413613319397
-0.9483257532119751
0.39895379543304443
-0.9714145064353943
-0.934276819229126
-0.9116706848144531
-0.9168509244918823
-0.9626524448394775
0.9803088903427124
-0.9539622068405151
-0.9695464968681335
-0.957809329032898
-0.9198356866836548
-0.9786874651908875
-0.29762762784957886
-0.9470757246017456
-0.9559345245361328
-0.9661127328872681
-0.9793976545333862
0.9608944058418274
-0.9594080448150635
-0.9686996936798096
0.8658757209777832
-0.9363634586334229
-0.9306973218917847
-0.9267164468765259
0.6331243515014648
-0.8789973855018616
-0.9863558411598206
-0.9672659635543823
-0.3939153552055359
-0.9574171304702759
-0.8346600532531738
-0.944963812828064
-0.9820065498352051
0.9686254262924194
-0.49661195278167725
-0.9776746034622192
-0.7028663754463196
-0.20816071331501007
-0.9444599151611328
-0.7462227940559387
-0.867810070514679
-0.9597076177597046
-0.9646314382553101
-0.3494735658168793
-0.9578403234481812
-0.9160001277923584
-0.9151449203491211
-0.9704530835151672
