-0.9476423263549805
-0.729094386100769
-0.9504784941673279
-0.8729182481765747
-0.9663088321685791
-0.9836954474449158
-0.9744671583175659
-0.82684725522995
-0.9619408845901489
-0.9230242967605591
0.959306538105011
0.9054160714149475
-0.9457858204841614
-0.973004937171936
-0.9374170303344727
-0.9460068941116333
-0.9670441150665283
-0.9620949029922485
-0.8494658470153809
-0.5912712812423706
-0.9715420603752136
-0.7998101115226746
0.7401672601699829
-0.9720965623855591
-0.5645340085029602
-0.9325824975967407
-0.9396090507507324
-0.9022878408432007
-0.9528683423995972
-0.9543939828872681
-0.6865171790122986
-0.9704686403274536
-0.2394246608018875
-0.8874309062957764
-0.9017444849014282
-0.9631944298744202
-0.9641034603118896
-0.9555851221084595
-0.9311733841896057
-0.9761019349098206
-0.8659840822219849
0.947503924369812
-0.8796442747116089
-0.3805408775806427
-0.9060690402984619
-0.4866340458393097
-0.9674986600875854
-0.8463081121444702
-0.9002962112426758
-0.8327264785766602
-0.9527826905250549
-0.9596219658851624
-0.8222396969795227
0.9627109169960022
-0.755401074886322
0.9658259749412537
-0.9524248242378235
-0.9454498291015625
-0.7897763252258301
0.9520952105522156
-0.9476358294487
-0.9370319247245789
-0.9658311009407043
-0.9653424024581909
-0.9724780917167664
-0.9197600483894348
-0.9722814559936523
-0.8212323784828186
-0.5207334756851196
-0.7945578694343567
-0.1441521793603897
-0.901039183139801
-0.9254434108734131
-0.9283790588378906
0.9715116620063782
-0.9320459365844727
-0.9620760679244995
-0.9591789841651917
0.9333215355873108
-0.9086966514587402
-0.9274518489837646
0.6204579472541809
-0.9696090817451477
-0.9693911671638489
0.6481512188911438
0.8757621049880981
-0.9475403428077698
-0.9586650133132935
0.6739187240600586
-0.9730245471000671
-0.8308684825897217
-0.956365704536438
-0.8989353179931641
-0.9349288940429688
-0.9495078325271606
-0.5950300097465515
-0.9684103727340698
-0.9282321929931641
-0.5884096622467041
-0.9752092361450195
-0.9688151478767395
-0.9350817203521729
-0.8430989980697632
-0.9811928272247314
-0.9299131631851196
-0.9732974767684937
-0.9562696218490601
-0.928811252117157
-0.9473310708999634
-0.9420291185379028
-0.3635673224925995
-0.8109461069107056
0.6962423920631409
0.9694697856903076
0.9042938947677612
0.8481562733650208
-0.9737881422042847
0.3446466326713562
-0.9075615406036377
-0.9740892648696899
0.8175391554832458
-0.9329637885093689
0.9004952907562256
-0.94122713804245
-0.7085875272750854
-0.8108415603637695
-0.9388658404350281
-0.9046216011047363
-0.9688014388084412
-0.9572523832321167
-0.9867050051689148
0.4833150804042816
-0.9773839712142944
-0.9316550493240356
-0.9572513699531555
-0.9577534794807434
0.9200326204299927
-0.7030150890350342
0.9683207273483276
-0.9256716966629028
0.708289623260498
-0.9282913208007812
-0.916953444480896
-0.9788636565208435
-0.863150417804718
-0.9778281450271606
-0.8778094053268433
-0.758940577507019
-0.9561805129051208
-0.8599997162818909
-0.9851113557815552
-0.9795099496841431
-0.9616881012916565
-0.9224986433982849
0.6767895817756653
-0.9819716811180115
-0.964319109916687
-0.965401291847229
-0.9808201789855957
-0.945892333984375
0.9493346214294434
0.9704208970069885
-0.7320396304130554
-0.9626591205596924
0.8176659941673279
0.6829589605331421
-0.9806826114654541
-0.9228577613830566
-0.10160147398710251
-0.8439251184463501
-0.9748250246047974
-0.9589411020278931
0.7355729341506958
-0.9260892271995544
-0.8990090489387512
-0.9726980328559875
0.9521869421005249
-0.8291425108909607
-0.44163480401039124
-0.9742121696472168
-0.804922878742218
-0.8744069337844849
-0.9549666047096252
0.9508718252182007
-0.9717584848403931
-0.95279860496521
-0.9401419162750244
-0.9699797630310059
-0.9590550065040588
-0.9607809782028198
-0.8694758415222168
-0.9391122460365295
-0.9274174571037292
-0.9448696374893188
-0.9679052829742432
-0.833036482334137
-0.9522230625152588
-0.23234032094478607
-0.9386953115463257
-0.6902297735214233
-0.9339252710342407
-0.9392991065979004
-0.8009513020515442
-0.6911918520927429
-0.8157933354377747
-0.6541125178337097
-0.9553916454315186
0.2844918370246887
-0.5382398962974548
-0.6171153783798218
-0.7512361407279968
0.9079183340072632
-0.9600338935852051
-0.9701664447784424
-0.9797230362892151
-0.4680315852165222
-0.9802687168121338
-0.9425185918807983
-0.9401991367340088
-0.9388866424560547
-0.9635189771652222
-0.8741273283958435
-0.9645200967788696
-0.9792565107345581
-0.6945863366127014
-0.9673994779586792
-0.5465666055679321
-0.9543397426605225
-0.8492234349250793
0.9132320284843445
-0.9617925882339478
-0.9437099099159241
-0.9294000864028931
-0.9512193202972412
-0.9582433104515076
-0.9754752516746521
-0.9774936437606812
-0.9471564888954163
-0.955854594707489
-0.8785800337791443
-0.9342861175537109
-0.9591875672340393
0.8685119152069092
-0.9208356738090515
0.668107271194458
-0.9109213948249817
-0.8746099472045898
-0.980053186416626
0.09501831233501434
0.3280496299266815
-0.9552866816520691
-0.02377285435795784
-0.932360827922821
0.9192882776260376
-0.9796537160873413
-0.9645777344703674
-0.746107816696167
-0.9815537929534912
-0.9625225067138672
-0.6914733052253723
-0.9630976915359497
-0.9777828454971313
-0.9265774488449097
-0.9485402703285217
-0.16324575245380402
-0.6076352000236511
-0.9100257158279419
-0.9682782888412476
-0.7840729355812073
-0.8846178650856018
0.8888751268386841
-0.9824767112731934
-0.8851906657218933
-0.5840377807617188
-0.9734777212142944
-0.9280921816825867
0.19447076320648193
-0.845723569393158
-0.9787881970405579
-0.9580408334732056
-0.6565282940864563
0.5958396792411804
-0.8403615355491638
-0.951004147529602
0.9444456100463867
-0.9556285738945007
-0.9360498189926147
-0.9659938812255859
-0.8896494507789612
-0.952778697013855
-0.9120410680770874
-0.8242594003677368
0.10943059623241425
-0.423531711101532
0.5967430472373962
-0.9398885369300842
-0.964424729347229
0.9632086753845215
-0.9714203476905823
-0.8739569187164307
-0.9546164274215698
0.7353501319885254
-0.8741275072097778
-0.8159560561180115
-0.9151668548583984
-0.8928373456001282
-0.8686302900314331
-0.9830030202865601
-0.9754181504249573
-0.9169530272483826
-0.875503420829773
-0.9016128778457642
-0.9442782998085022
-0.9419717788696289
-0.7848143577575684
-0.923137903213501
-0.9521739482879639
-0.8348867893218994
-0.9118719696998596
-0.9632561206817627
-0.8568405508995056
-0.9353982210159302
-0.5996971130371094
-0.8480569124221802
-0.9260247945785522
-0.7596145272254944
-0.9756854772567749
-0.9724879860877991
-0.8651571273803711
-0.9456868767738342
-0.9511265754699707
-0.949400007724762
-0.9473673105239868
-0.848134458065033
-0.9512709975242615
0.8505622148513794
0.5158666372299194
-0.929927408695221
0.9457835555076599
-0.8899413347244263
-0.9171649813652039
-0.9368314146995544
-0.7502424120903015
-0.7026439905166626
-0.9247826933860779
0.9483833312988281
-0.535732626914978
-0.9685486555099487
-0.9598370790481567
-0.9509216547012329
0.916954517364502
-0.7758610248565674
-0.9684960246086121
-0.978667676448822
-0.8183767795562744
0.7694300413131714
-0.973957896232605
-0.9266635179519653
-0.9826164245605469
-0.9275864958763123
-0.8869691491127014
-0.4509599208831787
-0.9632710814476013
-0.9819176197052002
0.9886090159416199
-0.9538282752037048
-0.9514358639717102
-0.847065806388855
-0.8304170370101929
-0.9126469492912292
-0.8719611763954163
-0.8578025102615356
0.9638364315032959
-0.9191851019859314
-0.9616499543190002
-0.6676104664802551
0.768402099609375
-0.9124558568000793
-0.8657013773918152
-0.7757375240325928
-0.9400796294212341
-0.9651510715484619
-0.9601489901542664
-0.8888269662857056
-0.9814052581787109
-0.8875529766082764
-0.493356317281723
-0.9597791433334351
0.9218347072601318
0.27610674500465393
-0.9476633667945862
-0.33913248777389526
-0.9774048328399658
-0.7841971516609192
-0.8420482277870178
-0.9723946452140808
-0.8361301422119141
-0.9056746959686279
-0.3857779800891876
0.9545938968658447
-0.9526075124740601
-0.9703506231307983
0.7853178977966309
-0.7929054498672485
-0.9594074487686157
-0.9757949113845825
-0.973115861415863
-0.9622228741645813
-0.9674957394599915
-0.9597530961036682
-0.9801961779594421
-0.9837999939918518
0.9087905287742615
0.9719200730323792
-0.9856535196304321
-0.9462463855743408
-0.8585805296897888
-0.9509459137916565
-0.8616035580635071
-0.9295682907104492
-0.938871443271637
-0.9694175124168396
-0.5809996128082275
-0.9081142544746399
-0.9821083545684814
-0.7945141196250916
-0.9774042367935181
-0.9352647066116333
-0.9309918880462646
-0.8087852597236633
-0.9587884545326233
-0.9709278345108032
-0.9595648646354675
-0.9759184718132019
0.9780298471450806
-0.7718000411987305
-0.5451635122299194
-0.965292751789093
-0.9555838108062744
0.6114284992218018
-0.9647070169448853
0.9598816633224487
0.9574176669120789
-0.9569866061210632
0.7978956699371338
-0.9311836957931519
-0.978877067565918
-0.9698629379272461
-0.9230855107307434
-0.8596195578575134
-0.9473491907119751
-0.9593700766563416
-0.39388152956962585
-0.888319194316864
0.9035837650299072
-0.8455533981323242
-0.9685559868812561
-0.9273715615272522
-0.9691669940948486
-0.9472389221191406
-0.854290783405304
-0.9115833044052124
-0.8546175956726074
-0.8607151508331299
-0.09526553004980087
0.7145006060600281
-0.951140284538269
-0.9535506963729858
-0.6455969214439392
-0.6482028365135193
-0.9180013537406921
-0.9752753973007202
-0.9712880253791809
-0.8980780243873596
-0.8910937309265137
-0.9126424789428711
-0.9754493236541748
-0.7450387477874756
-0.9167133569717407
-0.8725034594535828
-0.9355806708335876
0.8719874620437622
-0.953627347946167
-0.9594175219535828
-0.9720089435577393
-0.9538265466690063
-0.9316837787628174
-0.9356570243835449
-0.9646695852279663
-0.973095178604126
-0.9768655896186829
-0.9582608938217163
-0.5378679037094116
-0.962543785572052
-0.8709471225738525
-0.9541151523590088
0.8960180282592773
-0.9695372581481934
-0.9620752334594727
-0.9730129837989807
-0.9215193390846252
-0.8500791788101196
-0.972272515296936
-0.9226700067520142
-0.9164917469024658
-0.9707252979278564
-0.7459703087806702
0.2756466567516327
-0.9686204791069031
-0.9779497981071472
0.8336415886878967
-0.9618552923202515
-0.9244996309280396
-0.9719390869140625
-0.9157094359397888
-0.7914066910743713
-0.8786506652832031
-0.9542276263237
-0.7978203892707825
0.5190222859382629
-0.9411401152610779
-0.9390602707862854
-0.9652695655822754
-0.9341301918029785
-0.9540984034538269
-0.9751813411712646
-0.9579769968986511
-0.903312623500824
0.06473586708307266
0.9373127222061157
-0.8564683794975281
-0.932382345199585
-0.9278765916824341
-0.8863371014595032
-0.9429662823677063
-0.9825329184532166
-0.9157189130783081
-0.9309861660003662
-0.9643580317497253
-0.9663417339324951
0.8294898867607117
-0.49844980239868164
0.9453639984130859
-0.9570046663284302
-0.9466086626052856
0.9008490443229675
-0.8254325985908508
-0.8955085873603821
-0.6051374673843384
-0.9579216241836548
-0.971022367477417
0.9726269841194153
-0.3090507686138153
-0.9614737033843994
-0.8695558309555054
0.9760925769805908
-0.972908079624176
-0.9181902408599854
0.5448744297027588
0.9698929786682129
-0.9553557634353638
-0.9478883147239685
-0.9637012481689453
-0.9516309499740601
-0.9393737316131592
-0.9633773565292358
-0.9438559412956238
-0.14624686539173126
-0.9652096629142761
-0.9770045280456543
-0.9797231554985046
-0.14616796374320984
-0.6495266556739807
0.9116264581680298
-0.8744750022888184
-0.7893726229667664
-0.9335606694221497
-0.9652130007743835
-0.9621816277503967
-0.9259195327758789
-0.9703718423843384
-0.8909574151039124
0.8784106969833374
-0.674148678779602
-0.2119017392396927
0.19123265147209167
-0.9577203392982483
-0.925925612449646
0.9341705441474915
-0.9574983716011047
-0.9507373571395874
-0.9559183716773987
-0.9728169441223145
-0.9780269265174866
-0.9549726247787476
-0.8331067562103271
-0.9243621826171875
-0.8320253491401672
-0.960752546787262
-0.6318142414093018
-0.9412028789520264
-0.9554623365402222
0.8106174468994141
-0.9352320432662964
0.958814799785614
-0.9689366221427917
-0.5356928110122681
-0.7915062308311462
-0.9074454307556152
-0.44546836614608765
0.9556382894515991
-0.9641192555427551
0.8642793297767639
0.9827473163604736
-0.9714929461479187
-0.9576133489608765
-0.9623104333877563
-0.9459055066108704
-0.9510698914527893
-0.9360443353652954
0.9569628238677979
-0.972431480884552
-0.8724149465560913
-0.9542184472084045
-0.8871003985404968
-0.47199738025665283
-0.9515873193740845
-0.9528343677520752
-0.9237337112426758
-0.9752181768417358
0.9629939794540405
-0.9539538621902466
-0.8973509073257446
-0.94062340259552
0.9797509908676147
-0.9750608205795288
-0.661846935749054
0.949895441532135
0.3546052575111389
-0.9584822654724121
-0.9349636435508728
-0.964056670665741
-0.9485025405883789
-0.9214885830879211
-0.9565492868423462
-0.9253838658332825
-0.4936884641647339
0.9471564888954163
0.9742183685302734
0.929360568523407
0.8329148888587952
-0.9800722002983093
-0.948852002620697
-0.9761406183242798
0.9631485939025879
-0.9535447359085083
0.9740982055664062
-0.9725956916809082
-0.8766725063323975
-0.9015480279922485
-0.9197920560836792
-0.9343580007553101
-0.18930935859680176
-0.46329206228256226
0.7320433855056763
0.9794661998748779
-0.924833357334137
-0.7547050714492798
0.2789604663848877
-0.9790589809417725
0.8699843883514404
-0.8380475044250488
0.8571844696998596
-0.9793240427970886
-0.9749174118041992
-0.979228138923645
-0.9771094918251038
-0.9773938059806824
-0.9168630242347717
-0.9714962244033813
-0.9605305194854736
-0.9534288048744202
-0.9833427667617798
-0.8814890384674072
-0.9700673818588257
-0.883059024810791
-0.9228295087814331
-0.9702709913253784
-0.9526233077049255
-0.09891241043806076
-0.843008279800415
0.8640152215957642
-0.5376224517822266
-0.9749596118927002
-0.9582574367523193
-0.924510657787323
0.8973838090896606
0.8731718063354492
0.915439784526825
-0.9218933582305908
-0.15543942153453827
-0.97296142578125
-0.9627910852432251
-0.866233766078949
-0.7792396545410156
-0.8419795036315918
-0.9403440952301025
-0.7944609522819519
0.9439471364021301
-0.7906385660171509
-0.6221004724502563
-0.9051923751831055
-0.61970454454422
-0.970343291759491
-0.8788787722587585
0.7597430348396301
-0.640605092048645
-0.963064968585968
-0.790966272354126
0.6389752626419067
-0.8975727558135986
-0.8970335721969604
-0.5886225700378418
-0.9606372714042664
0.9684392213821411
-0.816335141658783
-0.9693922996520996
-0.9624034762382507
-0.9778909087181091
-0.9519846439361572
-0.9526107907295227
-0.9199886918067932
-0.7928448915481567
-0.9561089873313904
0.1928616464138031
-0.7071993947029114
-0.9795246720314026
-0.9446161985397339
-0.8274661898612976
0.9398598074913025
0.9710452556610107
-0.7797034382820129
-0.8206945061683655
0.9163826704025269
-0.9188045263290405
-0.9724844694137573
-0.9331606030464172
0.8067619204521179
-0.7044177651405334
-0.9531394839286804
0.9646111130714417
-0.9603670835494995
0.9366662502288818
-0.9398347735404968
-0.9400436282157898
0.1155104786157608
-0.9313259124755859
-0.9580214619636536
0.9505622982978821
-0.8857743740081787
0.9297568798065186
-0.9592209458351135
-0.8340455293655396
-0.9483712911605835
-0.86903977394104
-0.04313962906599045
-0.9735654592514038
-0.9758026599884033
0.4865608215332031
-0.8104386329650879
-0.9737406969070435
-0.48201730847358704
-0.6979297399520874
-0.9492236971855164
-0.6275750994682312
-0.9550831317901611
-0.9545139670372009
-0.8663498163223267
-0.9649969339370728
-0.9730271100997925
0.78281569480896
0.5818638801574707
-0.9041346311569214
-0.972905695438385
-0.8943211436271667
-0.7729179859161377
-0.9518675804138184
-0.9419285655021667
-0.883409321308136
-0.909737229347229
-0.974421501159668
-0.32207056879997253
-0.9834731817245483
-0.8979816436767578
-0.959253191947937
-0.956688642501831
-0.9271794557571411
-0.9739985466003418
-0.14526395499706268
-0.9249433279037476
-0.9673696160316467
-0.8740178942680359
0.8546255230903625
-0.9627844095230103
0.9646047353744507
-0.9572731852531433
-0.7953145503997803
-0.9579492211341858
-0.7818126082420349
-0.9762170910835266
-0.9239498376846313
-0.8881704211235046
-0.017679817974567413
-0.9533078670501709
-0.7594320178031921
-0.9598086476325989
-0.7322006821632385
-0.9718204736709595
-0.9322704672813416
-0.9611331820487976
-0.9406271576881409
-0.8683481216430664
0.7885634899139404
-0.9762236475944519
-0.972522497177124
-0.9820220470428467
-0.9532213807106018
-0.9346833229064941
-0.7983495593070984
-0.9722285866737366
-0.9634669423103333
-0.8943517208099365
-0.9630867838859558
-0.9361292719841003
-0.9541477560997009
-0.9455567598342896
-0.9570441246032715
-0.8283421993255615
-0.4168330729007721
-0.8878219723701477
0.8575747609138489
0.9529014825820923
-0.8759140372276306
0.9619947671890259
-0.9646992683410645
-0.9271551370620728
-0.8876720666885376
-0.8669402003288269
-0.9626012444496155
-0.9137048125267029
-0.908231794834137
-0.9671480059623718
0.9769196510314941
-0.9579676985740662
-0.8384035229682922
-0.7308874726295471
-0.9604727029800415
-0.9720032215118408
-0.9774577617645264
0.5582742691040039
-0.9581942558288574
-0.9384994506835938
-0.3386487364768982
-0.9557888507843018
-0.9677348136901855
-0.9436275959014893
-0.9603543877601624
-0.9798480272293091
-0.9680894613265991
-0.568185567855835
-0.9576361775398254
-0.9738466739654541
-0.9381921887397766
-0.9716894030570984
-0.8066635727882385
-0.9794598817825317
0.6126540899276733
-0.9065171480178833
-0.975902795791626
-0.9673106074333191
-0.9231729507446289
-0.7807938456535339
-0.7979269623756409
-0.2698403298854828
-0.9738184213638306
-0.7637532949447632
0.955924391746521
1.0
-0.6483157873153687
-0.9829974174499512
-0.7656427621841431
-0.9605040550231934
-0.9788563847541809
0.8772393465042114
-0.3182082176208496
-0.8610373735427856
-0.9311988949775696
-0.3661903440952301
-0.9563360810279846
-0.8396925330162048
-0.5777627229690552
-0.9367638826370239
0.4451903700828552
-0.8772414326667786
-0.9538533687591553
-0.7561475038528442
-0.9671326875686646
-0.9775324463844299
-0.8457151055335999
-0.76297527551651
-0.9683831334114075
-0.9491766691207886
0.9773135185241699
-0.9124616384506226
-0.9661954045295715
-0.9597513675689697
-0.9680889844894409
-0.7604910135269165
-0.9362589716911316
-0.9173260927200317
-0.9535648822784424
0.9714930057525635
-0.9736722707748413
-0.913935124874115
-0.7796202301979065
-0.8365382552146912
0.03477860614657402
-0.46171829104423523
-0.897367537021637
-0.8304126262664795
-0.9496042728424072
0.06825871020555496
-0.9460222721099854
-0.6616643667221069
-0.9564908742904663
-0.9221267104148865
0.9396145343780518
-0.9469628930091858
-0.9178711175918579
-0.9611453413963318
0.7486410140991211
-0.9672536253929138
0.9045869708061218
-0.9617193341255188
-0.953713595867157
-0.9216713905334473
-0.7869559526443481
-0.9118314981460571
-0.972597599029541
0.6903876662254333
-0.9086003303527832
-0.950991153717041
-0.8395665884017944
0.9694024324417114
-0.9636179208755493
0.9384512901306152
-0.9372155070304871
-0.97585529088974
-0.891532301902771
-0.956531286239624
-0.8863851428031921
-0.9677549004554749
0.9626713395118713
-0.9001907706260681
1.0000001192092896
0.8846983909606934
0.9716349840164185
-0.4133291244506836
0.9720274209976196
-0.9469423294067383
-0.974446713924408
-0.9678109288215637
0.9319108724594116
-0.9672041535377502
-0.9641773700714111
-0.9289851784706116
-0.9624466896057129
-0.9589742422103882
-0.9555541276931763
-0.9605084657669067
0.8624523878097534
-0.813217282295227
0.9490067958831787
0.9512673616409302
-0.9723420739173889
-0.7879508137702942
-0.9660792350769043
-0.6335874795913696
0.6999793648719788
-0.9542793035507202
-0.9670504331588745
0.9054639935493469
-0.9765971302986145
-0.9595992565155029
-0.9538164138793945
-0.9632008671760559
-0.9346238374710083
-0.8865963220596313
0.9674997329711914
-0.9676781892776489
-0.8834906816482544
-0.9475052952766418
-0.9682736396789551
-0.9552218914031982
-0.5564139485359192
-0.9200689792633057
0.5182321071624756
-0.9709194302558899
-0.868797779083252
-0.9663437604904175
-0.08247808367013931
-0.9479929804801941
0.8631078004837036
-0.8831392526626587
-0.7193188071250916
-0.9389381408691406
-0.9725065231323242
-0.9836138486862183
-0.8304795026779175
0.8609681129455566
-0.9720000624656677
-0.9749199748039246
-0.07513027638196945
-0.9705867767333984
-0.7722539305686951
-0.9438772201538086
-0.5363815426826477
-0.8634936809539795
-0.9641684889793396
-0.7946131229400635
0.9060438275337219
-0.9758389592170715
0.6223119497299194
-0.9444714784622192
-0.9632736444473267
-0.964040994644165
-0.9674143195152283
-0.9502666592597961
0.9327880144119263
0.8767743110656738
-0.9299411773681641
-0.8676276206970215
-0.9422035217285156
0.8776974678039551
0.9643270373344421
-0.6168882846832275
-0.9717075228691101
0.9263074398040771
-0.9287282228469849
-0.9609894156455994
-0.9736133813858032
-0.7713162899017334
-0.9677286148071289
-0.2656312882900238
-0.9773486852645874
-0.6565807461738586
0.911196231842041
0.8546255230903625
0.8588701486587524
-0.958638608455658
-0.7905858755111694
-0.8954823017120361
-0.9021662473678589
-0.9181413650512695
0.7824686169624329
-0.9098055362701416
-0.10567198693752289
-0.9421799778938293
-0.9251656532287598
-0.9588510394096375
-0.9590167999267578
-0.7473493218421936
-0.9748503565788269
-0.9699831604957581
0.7013508081436157
-0.9680680632591248
0.9535994529724121
0.9512418508529663
-0.9091446995735168
-0.9839725494384766
-0.5690427422523499
-0.26187819242477417
-0.966107964515686
-0.035695068538188934
-0.9742995500564575
0.29208990931510925
-0.438241571187973
-0.9470640420913696
0.5657206177711487
-0.9634697437286377
-0.9187730550765991
-0.9078994989395142
-0.9775502681732178
-0.9438414573669434
-0.9515766501426697
-0.9635758399963379
-0.8308091163635254
-0.9673482775688171
-0.9693613648414612
-0.9472904801368713
0.857903003692627
-0.7322150468826294
-0.9429872035980225
-0.9622975587844849
0.9284720420837402
-0.9494147300720215
0.7882871031761169
-0.7223942279815674
-0.9463938474655151
-0.9044108390808105
-0.8402361273765564
-0.979390025138855
-0.9731870889663696
-0.9706984758377075
-0.9610624313354492
-0.9737954139709473
-0.9641390442848206
-0.9889622926712036
-0.9685230255126953
-0.7288193106651306
-0.10716420412063599
-0.942779004573822
-0.97046959400177
-0.6178703308105469
-0.3297877609729767
0.9045926928520203
-0.8451690077781677
-0.9364668726921082
0.22369365394115448
0.9327834248542786
-0.9786108732223511
-0.7142248749732971
-0.9488396644592285
-0.9168534278869629
-0.6193889379501343
-0.9647940993309021
-0.9562010169029236
-0.9253197312355042
-0.895544171333313
0.17523786425590515
-0.9638374447822571
-0.9591427445411682
-0.9578898549079895
-0.9521471261978149
-0.4610966444015503
-0.9460359811782837
-0.9555631875991821
-0.9851113557815552
-0.939095139503479
0.793002188205719
-0.9149731397628784
0.9505617022514343
-0.9619249105453491
0.8659877777099609
0.9647039771080017
-0.9377050399780273
-0.9388281106948853
-0.9618184566497803
-0.3270682096481323
-0.9620768427848816
0.6893224120140076
-0.9732224941253662
-0.8875489234924316
0.8833226561546326
-0.8753284215927124
0.94514000415802
-0.7411843538284302
-0.7641642689704895
-0.9724481105804443
-0.9593898057937622
-0.9720438718795776
-0.7765548229217529
-0.8903115391731262
-0.9768048524856567
-0.9541317820549011
-0.9259742498397827
-0.9005207419395447
-0.9445675015449524
-0.9337522983551025
-0.8883119225502014
-0.8545808792114258
-0.6955193877220154
-0.9071598649024963
-0.9690523743629456
-0.8097814917564392
0.9352537393569946
-0.8214290142059326
-0.9520307779312134
0.21922098100185394
-0.9420236945152283
-0.9515321254730225
0.8682190179824829
-0.9803305268287659
-0.725471556186676
-0.937524139881134
-0.9465946555137634
0.050854187458753586
-0.7688689231872559
-0.9543720483779907
-0.9837466478347778
0.9115120768547058
-0.7797579169273376
-0.9819496870040894
0.36176881194114685
-0.6257625818252563
0.9566501975059509
-0.9681711196899414
0.36285942792892456
0.9629497528076172
0.7008017301559448
0.657939076423645
-0.7384043335914612
-0.9737938642501831
-0.9037942290306091
0.9628642797470093
-0.7007026076316833
-0.9833067655563354
0.9295440316200256
-0.9498130083084106
-0.967664897441864
-0.9134647250175476
-0.8349165320396423
-0.9821087121963501
-0.9707242250442505
-0.8867481350898743
0.9150516986846924
-0.539953351020813
-0.9275381565093994
0.8703938722610474
-0.9667110443115234
-0.9656235575675964
-0.8525415658950806
-0.9297059774398804
0.9803054332733154
-0.36726057529449463
-0.9276165962219238
-0.41964349150657654
-0.9743824601173401
-0.9558067917823792
0.9766495227813721
-0.9450201988220215
0.4613969922065735
-0.9796873927116394
-0.9406529068946838
-0.9509454369544983
0.8336821794509888
-0.559076726436615
-0.9768131971359253
-0.9809943437576294
0.9509090781211853
-0.867128312587738
-0.9685516953468323
0.9421555995941162
-0.9545804262161255
-0.9739587903022766
-0.9119400978088379
0.9427065849304199
-0.9580274820327759
-0.7747315764427185
-0.9648892879486084
-0.8531357049942017
-0.7489268779754639
0.6601006984710693
-0.9678456783294678
0.9497209191322327
-0.9351385235786438
-0.906319260597229
-0.9361708760261536
-0.9639672040939331
-0.8155185580253601
-0.9707561135292053
-0.7396708130836487
-0.9725656509399414
-0.01924903690814972
-0.9708207845687866
0.4033021926879883
-0.9307446479797363
-0.9416216611862183
-0.5700781345367432
-0.960526168346405
0.8961480855941772
-0.7982935309410095
-0.9059444665908813
-0.4599868357181549
-0.9742898344993591
0.8636647462844849
-0.5813853740692139
0.9797601103782654
-0.7896144986152649
-0.8876093626022339
-0.961511492729187
-0.9195940494537354
-0.7021872401237488
-0.8704901337623596
-0.9571454524993896
-0.9539536833763123
-0.9637481570243835
-0.9433351755142212
-0.9824088215827942
0.9318600296974182
-0.720538318157196
0.9073285460472107
-0.9468216896057129
0.5082428455352783
-0.9671000838279724
-0.8352862596511841
-0.8532488346099854
-0.9405999183654785
0.8849589824676514
-0.9035337567329407
-0.9559193253517151
-0.9108328223228455
-0.9825839400291443
-0.9119951725006104
-0.8482930064201355
-0.9547844529151917
-0.6954126954078674
-0.978640079498291
-0.967981219291687
-0.9337000250816345
-0.8798841238021851
-0.954719066619873
-0.8628082275390625
0.4981173276901245
-0.5395649671554565
0.9748233556747437
-0.9440193176269531
-0.953034520149231
-0.5973902344703674
-0.9683529734611511
-0.9120972156524658
-0.9855931401252747
-0.9603337049484253
-0.9256446361541748
-0.9849081039428711
-0.9811504483222961
-0.9595297574996948
-0.9434069991111755
-0.979242205619812
-0.9822551012039185
-0.9011552929878235
-0.5073885917663574
-0.5210551023483276
-0.9613775014877319
-0.8620721101760864
-0.9321669936180115
-0.22863642871379852
-0.9752787351608276
-0.9760733246803284
-0.9697534441947937
-0.9191220998764038
-0.9217299222946167
-0.9344115853309631
-0.7401208281517029
-0.901384711265564
-0.9766004681587219
-0.9492377042770386
0.96419358253479
-0.9883495569229126
-0.9484586119651794
-0.39576759934425354
-0.9381393194198608
-0.9047977924346924
-0.9182479381561279
-0.985504150390625
-0.9592692852020264
0.9554182291030884
-0.9351387619972229
-0.9665362238883972
-0.97422194480896
-0.8494102358818054
-0.6305216550827026
-0.983134388923645
-0.7993872761726379
-0.9468006491661072
-0.631851315498352
-0.8796418905258179
-0.7816838026046753
-0.9194748401641846
-0.9365098476409912
-0.9856517910957336
-0.7070477604866028
-0.9596754908561707
0.3706980347633362
-0.9884071946144104
-0.9441511034965515
-0.8633192181587219
-0.9714566469192505
-0.9450628161430359
-0.77313232421875
0.9163988828659058
-0.9385184049606323
-0.9033312201499939
0.3183789849281311
-0.9058954119682312
-0.9541874527931213
-0.9240238070487976
-0.9645007252693176
-0.9744654297828674
-0.9388641715049744
-0.8406552672386169
-0.8006428480148315
-0.6727628707885742
-0.6618325114250183
-0.7906001806259155
-0.9655863046646118
-0.9616555571556091
-0.9414803981781006
-0.9798591136932373
-0.9170961380004883
0.657621443271637
-0.21109639108181
-0.9726706743240356
0.7587460875511169
-0.9606157541275024
-0.9643799662590027
-0.9538836479187012
-0.8867771625518799
-0.9153897762298584
-0.802867591381073
-0.9388618469238281
-0.7737507820129395
-0.9764147400856018
-0.8633862137794495
-0.8550887107849121
0.9483146071434021
-0.9471576809883118
-0.748765230178833
-0.9234439134597778
-0.9761519432067871
-0.9549096822738647
-0.08332712948322296
-0.9567749500274658
0.9582091569900513
-0.5303358435630798
-0.2636975049972534
0.9267624616622925
-0.9363356828689575
-0.9587464928627014
-0.9741173982620239
-0.9742417335510254
-0.9560681581497192
0.6348989009857178
0.7708299160003662
-0.9465664625167847
-0.9786620736122131
-0.8416227698326111
-0.7663297057151794
-0.8970706462860107
-0.9568689465522766
0.9098943471908569
-0.5621809363365173
-0.8448306918144226
-0.9466648697853088
-0.9682167768478394
-0.9650827050209045
-0.9017722010612488
-0.8269147872924805
0.0023082420229911804
-0.48874086141586304
-0.9702460765838623
-0.9036588668823242
-0.6569096446037292
-0.871344804763794
-0.9623465538024902
-0.9722484946250916
-0.9535173773765564
-0.9656881093978882
-0.9220839738845825
-0.869125247001648
-0.8793956637382507
-0.33843064308166504
-0.9837247133255005
-0.8600451946258545
0.9789717197418213
-0.9441528916358948
-0.9373807311058044
0.5334928035736084
-0.9729081392288208
-0.9695618152618408
-0.9062600135803223
-0.5024886727333069
-0.8351611495018005
-0.9722223877906799
0.09626881033182144
0.05089479684829712
-0.9612418413162231
-0.923153281211853
-0.4757687449455261
-0.942162275314331
-0.8783883452415466
-0.945220947265625
-0.9813107252120972
-0.9288693070411682
-0.8710843324661255
-0.6281410455703735
-0.9825530648231506
-0.9168577194213867
0.9652864933013916
-0.8489435911178589
-0.9590391516685486
-0.8638670444488525
-0.7228750586509705
-0.9868265390396118
-0.9656676650047302
-0.9795748591423035
-0.8707240223884583
-0.9520236253738403
0.9607461094856262
-0.9066808819770813
-0.9402943849563599
-0.9403183460235596
0.920799195766449
-0.9626295566558838
-0.9568551778793335
-0.9277249574661255
-0.7073127031326294
-0.9634426832199097
-0.9605484008789062
-0.9149317741394043
0.7760581374168396
0.9597083926200867
-0.8562789559364319
-0.40554681420326233
-0.9498099684715271
-0.931411862373352
-0.9690641760826111
-0.9706933498382568
0.20475031435489655
-0.9366108775138855
-0.4905140995979309
-0.9726170897483826
-0.36529532074928284
-0.9427956342697144
-0.3744420111179352
-0.9705340266227722
0.7536951899528503
-0.9723736047744751
-0.9196212291717529
-0.9391874670982361
-0.9686349630355835
-0.9208964109420776
0.6250475645065308
-0.9064049124717712
-0.9560911655426025
-0.8615357279777527
-0.8931008577346802
-0.9231178164482117
-0.9606519341468811
-0.955549418926239
-0.9031191468238831
-0.9785245060920715
0.9780575633049011
-0.7473889589309692
0.8891639113426208
0.2747732996940613
0.957589864730835
-0.9735207557678223
-0.9579598903656006
-0.9519200921058655
-0.9289486408233643
0.9410718679428101
-0.9738261103630066
-0.9823740720748901
0.9776406288146973
-0.9412232041358948
-0.9507279396057129
-0.5482513308525085
0.980095624923706
-0.950160026550293
-0.9637959599494934
-0.521467924118042
-0.9713895916938782
-0.9621572494506836
-0.8810634016990662
-0.9778691530227661
-0.9300829172134399
-0.9469131231307983
-0.9082760810852051
-0.9498215317726135
-0.5282911658287048
-0.9795532822608948
-0.9747838973999023
-0.9125361442565918
0.6936830282211304
-0.9711679220199585
-0.659022331237793
-0.972176194190979
-0.9582750201225281
-0.9471484422683716
-0.7262970805168152
-0.9666357040405273
-0.9907857775688171
-0.9237235188484192
-0.9396052956581116
-0.9361280202865601
-0.9349911212921143
-0.6947106719017029
-0.96885085105896
-0.9706439971923828
-0.9690943956375122
-0.9635323286056519
0.522235631942749
-0.9544808864593506
-0.9324470162391663
-0.976751983165741
-0.971601128578186
-0.8440729379653931
-0.9581575989723206
0.934809148311615
-0.9634340405464172
-0.9514226317405701
-0.8956919312477112
-0.937781572341919
-0.9794601202011108
-0.8583905100822449
-0.9436953663825989
-0.7422103881835938
-0.955694317817688
-0.9727956056594849
-0.9510980844497681
-0.9552613496780396
-0.9654859900474548
-0.9617710113525391
0.9084416627883911
-0.9676523804664612
0.9719240665435791
0.8238821625709534
-0.9456449747085571
0.7219703197479248
-0.9865085482597351
-0.9197990894317627
0.9369363784790039
-0.9602464437484741
-0.952168881893158
-0.6538664102554321
-0.36726441979408264
0.7951143980026245
-0.5962525606155396
-0.7261645793914795
-0.9640122056007385
-0.9614582657814026
-0.6638319492340088
-0.977361261844635
-0.8339225053787231
0.6010366678237915
-0.679026186466217
-0.9142158031463623
-0.7911941409111023
-0.7728449702262878
0.722693920135498
0.9582695960998535
-0.4758009910583496
-0.9430141448974609
-0.9214903712272644
-0.9539961218833923
-0.9361585974693298
-0.9646793603897095
-0.9541137218475342
-0.8265063762664795
-0.9448168873786926
-0.9440729022026062
-0.8718664050102234
-0.976752519607544
0.7964080572128296
-0.9153875708580017
-0.3224536180496216
0.6872861981391907
-0.8727896809577942
-0.9389213919639587
-0.8955026865005493
-0.9462383985519409
-0.6674454212188721
-0.9853209257125854
0.9316236972808838
-0.719187319278717
-0.9702091813087463
-0.9033676981925964
-0.8797430396080017
-0.9574474096298218
-0.917762041091919
-0.928012490272522
-0.91886305809021
-0.9591168165206909
-0.9117429852485657
-0.9021414518356323
-0.9559598565101624
-0.653720498085022
-0.8836206197738647
-0.9879717230796814
-0.9402937889099121
-0.9252636432647705
-0.9652059078216553
-0.7761102914810181
-0.7667365074157715
-0.9471250176429749
-0.97202467918396
-0.9692223072052002
-0.9792026281356812
-0.8829119205474854
-0.903174638748169
-0.8749546408653259
-0.8707607388496399
-0.9539204835891724
-0.9417557120323181
-0.952335774898529
-0.9582030177116394
-0.9690325856208801
-0.9727699160575867
-0.9611355662345886
-0.9608967304229736
0.8916782140731812
-0.966974675655365
0.5677659511566162
-0.9451180100440979
-0.9326373934745789
0.885930597782135
0.7362858057022095
-0.6144750118255615
0.1940956711769104
-0.9564633369445801
-0.9476609230041504
0.9156967401504517
-0.866865336894989
-0.1601751148700714
-0.8850884437561035
-0.9217637181282043
-0.6636120676994324
-0.9631332159042358
-0.8229173421859741
-0.9441025257110596
-0.9524431228637695
0.9643471240997314
-0.9542134404182434
-0.7841124534606934
-0.8848421573638916
0.8394767045974731
-0.4096505045890808
-0.9489526748657227
-0.9227778911590576
-0.9331194758415222
-0.9821133613586426
-0.9679891467094421
0.9754046201705933
-0.9773827791213989
-0.9455739855766296
-0.867312490940094
-0.9660073518753052
-0.8630624413490295
-0.9555438756942749
-0.9358328580856323
0.9693395495414734
-0.9236777424812317
-0.952542781829834
-0.9093093276023865
-0.974265992641449
-0.6296128630638123
0.8364772200584412
-0.970331072807312
-0.8998879790306091
-0.9710988998413086
-0.9502974152565002
0.10145742446184158
-0.6009108424186707
-0.9409788250923157
-0.9386718273162842
0.9592331051826477
-0.962644100189209
-0.977677583694458
-0.896743893623352
-0.968106210231781
-0.9241145253181458
-0.9782111644744873
-0.9780685901641846
-0.9671477675437927
0.9766167402267456
-0.961756706237793
-0.9376876354217529
-0.9676685333251953
-0.9742141962051392
-0.9598057866096497
-0.9745198488235474
-0.9432862997055054
-0.9322900176048279
-0.9722678661346436
-0.9503589868545532
-0.9732619524002075
-0.9599597454071045
-0.9532828330993652
-0.9523977041244507
0.9576078653335571
-0.866935670375824
-0.9792618751525879
0.9625248312950134
-0.8753939867019653
-0.9804692268371582
-0.889197587966919
-0.9525887966156006
0.9512601494789124
-0.9468033909797668
0.9155672788619995
-0.4482618272304535
-0.9310587644577026
-0.9148075580596924
0.9767856597900391
-0.9728313684463501
-0.7639060020446777
0.9743149280548096
-0.8137801885604858
-0.9540691375732422
0.8852920532226562
-0.9591417908668518
-0.9644583463668823
-0.9674690365791321
-0.1632920503616333
-0.9417585134506226
-0.9082001447677612
-0.9698301553726196
-0.9624390602111816
-0.9650553464889526
0.9196759462356567
0.9424452185630798
-0.9366954565048218
-0.9671978950500488
0.2800135612487793
-0.8650146126747131
-0.966231644153595
-0.9541102647781372
-0.8201543092727661
-0.9563109874725342
-0.9753204584121704
-0.376415491104126
0.934151828289032
-0.931420087814331
-0.9823110103607178
-0.9548768997192383
-0.9582927823066711
-0.949562132358551
-0.931062638759613
-0.9498169422149658
-0.934666633605957
-0.8947288990020752
-0.9453175663948059
0.7419650554656982
-0.9704368114471436
-0.7071751356124878
-0.8704524636268616
-0.9645219445228577
-0.9754671454429626
-0.987093448638916
-0.6435897946357727
-0.8839616775512695
-0.9131596088409424
0.931975781917572
-0.9342374801635742
-0.6152666807174683
-0.9504193067550659
-0.9480730295181274
0.9430704712867737
0.9602020382881165
-0.9482823014259338
0.9413951635360718
-0.8472480773925781
-0.46148115396499634
0.8868497014045715
-0.980911374092102
-0.9178314208984375
-0.9425065517425537
-0.954255223274231
-0.9437422752380371
-0.7937408685684204
-0.8214252591133118
0.9546667337417603
-0.9773792624473572
-0.8289875984191895
-0.8325641751289368
-0.9359335899353027
0.8243387937545776
-0.735849916934967
-0.7978618741035461
-0.8877866864204407
-0.9668412208557129
-0.9555519819259644
-0.7761448621749878
-0.9496988654136658
-0.9788120985031128
-0.8511605858802795
-0.9456613659858704
-0.43151119351387024
0.31004494428634644
0.9396812319755554
0.9267820119857788
0.8013913631439209
-0.9428991675376892
-0.961357831954956
0.9678354263305664
-0.9714770317077637
0.946965217590332
-0.9835653305053711
0.30235034227371216
-0.6045306324958801
-0.924743115901947
0.799239993095398
-0.9150936603546143
-0.6027795076370239
-0.9350616931915283
-0.8888819217681885
-0.9563165307044983
-0.92898029088974
-0.9012309312820435
-0.04358309879899025
-0.9735602736473083
-0.9642860889434814
-0.6415886878967285
0.37177661061286926
-0.9242122173309326
-0.9619665741920471
0.6629272699356079
-0.9819111824035645
-0.4376617670059204
-0.9798644185066223
-0.6813538670539856
-0.9772130250930786
0.9801954030990601
-0.9711520671844482
-0.9440158605575562
-0.9278841018676758
-0.4055628478527069
-0.8688571453094482
0.9163849949836731
-0.6818554997444153
-0.7823741436004639
-0.9742269515991211
0.9668829441070557
0.7636978626251221
-0.8545711040496826
-0.6654374599456787
-0.8378090858459473
-0.9548453688621521
-0.8200534582138062
0.970224916934967
-0.9152930378913879
-0.968490719795227
-0.08882088214159012
-0.9722952842712402
-0.9369834661483765
-0.9514057636260986
-0.9192417860031128
-0.9661245942115784
-0.9747731685638428
-0.9855095148086548
-0.9362401962280273
0.1075642853975296
-0.9450113773345947
-0.9150888919830322
-0.9438071846961975
-0.8595468401908875
-0.9638606905937195
0.9693130850791931
-0.9438284635543823
-0.9683158993721008
-0.9601411819458008
-0.9320073127746582
-0.9745434522628784
-0.1960870325565338
-0.9308837056159973
-0.9660560488700867
-0.970792293548584
-0.9838953614234924
0.9481330513954163
-0.9514673352241516
-0.9712401032447815
0.8816791772842407
-0.925356388092041
-0.9300681352615356
-0.8726198673248291
0.5070223808288574
-0.9022070169448853
-0.9863407611846924
-0.9450170397758484
-0.5900765061378479
-0.9779539108276367
-0.8596486449241638
-0.9500716924667358
-0.9747563600540161
0.9441807866096497
-0.6564649939537048
-0.9828905463218689
-0.7640385031700134
-0.26219624280929565
-0.9296930432319641
-0.8782633543014526
-0.8884642124176025
-0.9644578695297241
-0.9627269506454468
-0.6348890662193298
-0.9459788799285889
-0.7960599660873413
-0.9406864643096924
-0.9815405607223511
