-0.9610595107078552
-0.9007354378700256
-0.9721877574920654
-0.9015358090400696
-0.971365213394165
-0.9553819298744202
-0.986545205116272
-0.6511471271514893
-0.9572933912277222
-0.8627709746360779
0.9903237223625183
0.9534952640533447
-0.962695837020874
-0.9836710095405579
-0.9350935220718384
-0.9773584604263306
-0.9713918566703796
-0.9743288159370422
-0.791916012763977
-0.789526104927063
-0.9608601331710815
-0.7891793847084045
0.8682725429534912
-0.9932399392127991
-0.36618492007255554
-0.9288026690483093
-0.9196728467941284
-0.9569097757339478
-0.9729419350624084
-0.9735247492790222
-0.29955968260765076
-0.9783846139907837
-0.01399027556180954
-0.9032580256462097
-0.7266747355461121
-0.9212278723716736
-0.9750497341156006
-0.9671409726142883
-0.9626420140266418
-0.9886399507522583
-0.8859577178955078
0.9599159359931946
-0.8425854444503784
0.6771599054336548
-0.9468289613723755
-0.7921047806739807
-0.9025572538375854
-0.7866601943969727
-0.9383285045623779
-0.9318445920944214
-0.9579173922538757
-0.9674254655838013
-0.7477393746376038
0.9868561625480652
-0.7909101843833923
0.9699375033378601
-0.9899039268493652
-0.9105882048606873
-0.6962224245071411
0.9756866693496704
-0.9647601246833801
-0.9402205348014832
-0.9838487505912781
-0.9746102690696716
-0.9926865100860596
-0.9631460905075073
-0.9739834070205688
-0.7648239731788635
-0.7050864696502686
-0.8816934823989868
-0.41913846135139465
-0.9095772504806519
-0.9616457223892212
-0.9607370495796204
0.9862781167030334
-0.8708581924438477
-0.9542369842529297
-0.96514892578125
0.9793128967285156
-0.9727159738540649
-0.9289398193359375
0.8309721350669861
-0.9793040752410889
-0.9630765318870544
0.8199416399002075
0.9682878851890564
-0.9578531384468079
-0.9589588046073914
0.9335686564445496
-0.9665086269378662
-0.8812718391418457
-0.9780927300453186
-0.7932227253913879
-0.9669637680053711
-0.9881113767623901
-0.6929503679275513
-0.9897832870483398
-0.9536924958229065
-0.9185424447059631
-0.9758507013320923
-0.975003719329834
-0.9818505048751831
-0.8052254915237427
-0.9345292448997498
-0.9470338225364685
-0.9856966733932495
-0.9911587834358215
-0.8885980844497681
-0.9745020866394043
-0.9398412704467773
-0.0034371204674243927
-0.9109853506088257
0.9145216345787048
0.971760094165802
0.966195821762085
0.9335954785346985
-0.9798528552055359
0.05463942885398865
-0.9339508414268494
-0.9886572360992432
0.9104464054107666
-0.9723778367042542
0.9574936032295227
-0.9438387155532837
-0.3618986904621124
-0.8800631761550903
-0.8868625164031982
-0.9117478132247925
-0.9804326891899109
-0.969251275062561
-0.9925678372383118
0.8987940549850464
-0.9790370464324951
-0.8256366848945618
-0.9351932406425476
-0.9715282917022705
0.9742720127105713
-0.5887850522994995
0.9759684205055237
-0.8690750598907471
0.9251458048820496
-0.9838982820510864
-0.7945479154586792
-0.9848721027374268
-0.898470401763916
-0.9877052307128906
-0.9308217763900757
-0.7008944749832153
-0.9719281792640686
-0.7750522494316101
-0.9910522699356079
-0.9882270097732544
-0.9877786636352539
-0.9266923069953918
0.9180393218994141
-0.9858853816986084
-0.9578807353973389
-0.9839144349098206
-0.9640896916389465
-0.9481191635131836
0.9731810092926025
0.9856438636779785
-0.7636569738388062
-0.9694726467132568
0.9502761960029602
0.9204246997833252
-0.9805679321289062
-0.9645066261291504
0.3027673065662384
-0.9213742017745972
-0.9716598391532898
-0.9613117575645447
0.9143902063369751
-0.942241907119751
-0.8606688380241394
-0.9891361594200134
0.9702078700065613
-0.7655524015426636
-0.6920021772384644
-0.9494555592536926
-0.7902551889419556
-0.908462405204773
-0.9880697131156921
0.9901750683784485
-0.9836472272872925
-0.922548234462738
-0.9674128293991089
-0.9903765916824341
-0.9681423902511597
-0.9562627673149109
-0.9008471369743347
-0.9629823565483093
-0.8544844388961792
-0.9542601108551025
-0.9895510077476501
-0.8993257284164429
-0.9208699464797974
-0.9143111705780029
-0.961325466632843
-0.89582359790802
-0.9690507650375366
-0.9621517062187195
-0.6369576454162598
-0.8749715089797974
-0.8938006162643433
-0.8328320384025574
-0.9612389206886292
0.6985127925872803
0.5571674108505249
-0.7456028461456299
-0.581251859664917
0.9652281999588013
-0.9099951982498169
-0.9644851684570312
-0.9808713793754578
-0.3175019919872284
-0.9698690176010132
-0.9126725792884827
-0.9859846830368042
-0.9704510569572449
-0.9471001625061035
-0.9125850796699524
-0.9854483604431152
-0.9772456884384155
-0.7754373550415039
-0.9726894497871399
-0.4558219611644745
-0.9747207760810852
-0.8949269652366638
0.9284868240356445
-0.9814131259918213
-0.9243135452270508
-0.9456181526184082
-0.9694013595581055
-0.9806550741195679
-0.9823460578918457
-0.975276529788971
-0.9819808602333069
-0.964284360408783
-0.8318793773651123
-0.9625810980796814
-0.948669970035553
0.9601679444313049
-0.951946496963501
0.8963263034820557
-0.932131290435791
-0.9519568085670471
-0.9686226844787598
0.5317479372024536
0.7959681153297424
-0.972452700138092
0.3409017324447632
-0.8647347688674927
0.9848028421401978
-0.9778149127960205
-0.9396346807479858
-0.7213963270187378
-0.9808850288391113
-0.9745727181434631
-0.38018667697906494
-0.7680870890617371
-0.9835969805717468
-0.9418135285377502
-0.9083143472671509
0.4643811881542206
-0.4777142107486725
-0.9589283466339111
-0.985162615776062
-0.6593471765518188
-0.9094347953796387
0.9756046533584595
-0.9630745649337769
-0.948661208152771
-0.715799868106842
-0.9531760215759277
-0.9215698838233948
0.8645634055137634
-0.7982969284057617
-0.9626109004020691
-0.9753282070159912
-0.8034490346908569
0.855747401714325
-0.9454240202903748
-0.9734050631523132
0.9725556969642639
-0.9543114900588989
-0.9534104466438293
-0.9662150144577026
-0.8761221766471863
-0.8749467134475708
-0.8891986608505249
-0.8963239192962646
0.45954638719558716
-0.8395206928253174
0.809242308139801
-0.9493085145950317
-0.9770286083221436
0.9868172407150269
-0.9266210794448853
-0.9084042310714722
-0.9895927906036377
0.9264740347862244
-0.9148415923118591
-0.8195545673370361
-0.9028570652008057
-0.8183431625366211
-0.9098862409591675
-0.9918683767318726
-0.9849838614463806
-0.9543031454086304
-0.849571943283081
-0.965050458908081
-0.9803641438484192
-0.9231855273246765
-0.8506196141242981
-0.8161628842353821
-0.9653860926628113
-0.7918919324874878
-0.9656068086624146
-0.947198212146759
-0.9580541849136353
-0.9639168381690979
-0.40826186537742615
-0.8802326917648315
-0.9822181463241577
-0.9164626598358154
-0.9799587726593018
-0.9805977940559387
-0.8124027848243713
-0.947515606880188
-0.9758444428443909
-0.9762523174285889
-0.9690377116203308
-0.8751546740531921
-0.9532609581947327
0.952386736869812
0.3222258388996124
-0.9448186755180359
0.9737216234207153
-0.7528705596923828
-0.9476168155670166
-0.7059168815612793
-0.8201320767402649
-0.9179143905639648
-0.9084012508392334
0.9770114421844482
-0.49074074625968933
-0.9882951974868774
-0.9357456564903259
-0.932856559753418
0.9448980093002319
-0.2892756462097168
-0.9690809845924377
-0.9863957166671753
-0.9063303470611572
0.9579242467880249
-0.9833361506462097
-0.9509596228599548
-0.9814582467079163
-0.8636390566825867
-0.8901731371879578
-0.09659870713949203
-0.9466418623924255
-0.9865216016769409
0.9875998497009277
-0.9418783783912659
-0.8490711450576782
-0.9409574270248413
-0.8969591856002808
-0.9413154721260071
-0.931596577167511
-0.8536412715911865
0.9715185761451721
-0.942772388458252
-0.9676478505134583
-0.7697514295578003
0.914005696773529
-0.8773880004882812
-0.6993098258972168
-0.5721419453620911
-0.9456855058670044
-0.989692211151123
-0.9449822902679443
-0.8140918612480164
-0.9894710779190063
-0.9362500905990601
-0.8926546573638916
-0.9702779054641724
0.9898363351821899
0.3604891002178192
-0.948053240776062
-0.12048857659101486
-0.9785746932029724
-0.7958887815475464
-0.9117917418479919
-0.9807047247886658
-0.8728408217430115
-0.8987438082695007
-0.6468722224235535
0.9855722784996033
-0.9668529033660889
-0.9608006477355957
0.9248431921005249
-0.8557073473930359
-0.9597223997116089
-0.9764929413795471
-0.9816561341285706
-0.8367037177085876
-0.9827166199684143
-0.9570938348770142
-0.9877370595932007
-0.9835096001625061
0.960659384727478
0.9838732481002808
-0.9872046113014221
-0.9848842620849609
-0.8607314825057983
-0.9849417805671692
-0.8917334079742432
-0.9847687482833862
-0.9762980341911316
-0.989685595035553
-0.5748857259750366
-0.9463420510292053
-0.9793697595596313
-0.7053581476211548
-0.9782611131668091
-0.9397608637809753
-0.8941043615341187
-0.8449745774269104
-0.9755594730377197
-0.9491605758666992
-0.9493722319602966
-0.9928390979766846
0.9875547885894775
-0.8363298773765564
-0.6761968731880188
-0.975618302822113
-0.9820839166641235
0.5874782204627991
-0.9704998731613159
0.973420262336731
0.9750412702560425
-0.9884964227676392
0.8941842913627625
-0.9448190927505493
-0.9849721193313599
-0.9802876114845276
-0.9188116192817688
-0.9210192561149597
-0.9677402973175049
-0.9891189336776733
0.12598605453968048
-0.8563857674598694
0.953820526599884
-0.6806600689888
-0.9780189990997314
-0.7962335348129272
-0.9730275869369507
-0.9665032029151917
-0.881949245929718
-0.907633364200592
-0.9564328193664551
-0.9346283674240112
0.4389897584915161
0.9260909557342529
-0.9785246849060059
-0.9600623250007629
-0.5144551396369934
-0.7663922309875488
-0.9794235825538635
-0.9176931381225586
-0.9796942472457886
-0.8194405436515808
-0.8778583407402039
-0.9420270323753357
-0.9899662733078003
-0.8756547570228577
-0.9439812898635864
-0.9411353468894958
-0.923427402973175
0.8921724557876587
-0.9668372273445129
-0.9762479066848755
-0.9788371324539185
-0.9448281526565552
-0.9353589415550232
-0.9580398201942444
-0.9487239718437195
-0.969366192817688
-0.9860514402389526
-0.9301081895828247
-0.7886055111885071
-0.9579977989196777
-0.9539965987205505
-0.9852046966552734
0.9573054313659668
-0.9903101921081543
-0.9590746760368347
-0.9652177691459656
-0.9608770608901978
-0.7263370156288147
-0.9845174551010132
-0.9678329825401306
-0.8551675081253052
-0.9758940935134888
-0.621147632598877
0.6517989039421082
-0.9738138914108276
-0.9241393804550171
0.9328690767288208
-0.966538667678833
-0.9593825936317444
-0.9588871002197266
-0.8878968954086304
-0.7671082019805908
-0.8991162776947021
-0.9562174081802368
-0.47571733593940735
0.6322952508926392
-0.97538161277771
-0.9777086973190308
-0.9551823735237122
-0.964565098285675
-0.9804818630218506
-0.9788427948951721
-0.9581678509712219
-0.9420959949493408
0.17297187447547913
0.940239429473877
-0.9121600389480591
-0.9599267244338989
-0.9573520421981812
-0.8904595375061035
-0.9774354696273804
-0.9903104305267334
-0.9618546962738037
-0.9609894752502441
-0.96620112657547
-0.9637762904167175
0.7259666323661804
-0.7016066312789917
0.9590181112289429
-0.9585297107696533
-0.9663225412368774
0.9360026121139526
-0.9248113632202148
-0.9574129581451416
0.05342913791537285
-0.9628112316131592
-0.9224662184715271
0.9816431999206543
-0.02539941295981407
-0.9396287202835083
-0.9037368893623352
0.9894394278526306
-0.9597629904747009
-0.932726263999939
0.9129431247711182
0.9852287173271179
-0.9752410054206848
-0.9580637216567993
-0.9699901938438416
-0.9756946563720703
-0.9130011200904846
-0.9505109786987305
-0.9905703067779541
-0.4293394386768341
-0.9852505922317505
-0.9601598978042603
-0.9684869050979614
0.34146952629089355
-0.879446268081665
0.9587039947509766
-0.9577270746231079
-0.8191652894020081
-0.9234843254089355
-0.9649443626403809
-0.9768661260604858
-0.9480109214782715
-0.9279910922050476
-0.8692262768745422
0.9681446552276611
-0.8625004887580872
0.4153123199939728
0.24728146195411682
-0.973415732383728
-0.9238051176071167
0.9722393155097961
-0.9768815040588379
-0.9122039079666138
-0.9578731656074524
-0.9833347797393799
-0.9565479755401611
-0.7892826795578003
-0.8393675088882446
-0.9773238301277161
-0.9000370502471924
-0.9824032783508301
-0.5087308883666992
-0.9371196031570435
-0.9788620471954346
0.8968729376792908
-0.9506914019584656
0.9798790216445923
-0.9724510908126831
-0.6055343747138977
-0.8471084833145142
-0.86080002784729
0.39847421646118164
0.9745118618011475
-0.9769574403762817
0.9385061860084534
0.9924749135971069
-0.9762750864028931
-0.95408695936203
-0.9874429106712341
-0.8733795881271362
-0.9549311399459839
-0.9366687536239624
0.986189603805542
-0.979320228099823
-0.9526242017745972
-0.9383098483085632
-0.8268100023269653
-0.2900542616844177
-0.9668124914169312
-0.9753010272979736
-0.9445148706436157
-0.9585925936698914
0.9799156188964844
-0.9545807242393494
-0.7710357308387756
-0.9298295974731445
0.9915730953216553
-0.9597787261009216
-0.10476712882518768
0.9846652746200562
0.7011386156082153
-0.978681206703186
-0.9733302593231201
-0.9759665727615356
-0.9341833591461182
-0.8973532915115356
-0.9709897637367249
-0.8793149590492249
-0.7798963189125061
0.9671217799186707
0.989173412322998
0.9624777436256409
0.8799357414245605
-0.9819377660751343
-0.9570301175117493
-0.9775477647781372
0.9722404479980469
-0.8960782289505005
0.9906798601150513
-0.9792020320892334
-0.8639882206916809
-0.9234259724617004
-0.9183167219161987
-0.875965416431427
-0.8503744602203369
-0.09721827507019043
0.914385199546814
0.990798830986023
-0.8099338412284851
-0.8092742562294006
0.6109443306922913
-0.9887778759002686
0.9343855381011963
-0.7444708347320557
0.954696774482727
-0.9754742383956909
-0.9704018235206604
-0.9765102863311768
-0.9926626682281494
-0.9634420871734619
-0.8165678977966309
-0.9878207445144653
-0.971555233001709
-0.9307060837745667
-0.9822995066642761
-0.9730274081230164
-0.9580268859863281
-0.7415487766265869
-0.9602214694023132
-0.9517215490341187
-0.969379186630249
-0.4030328392982483
-0.6668286919593811
0.9558732509613037
-0.7880328297615051
-0.9729892015457153
-0.9880894422531128
-0.9634358286857605
0.9508731961250305
0.9605587124824524
0.9545658826828003
-0.5969499945640564
0.15764838457107544
-0.9322069883346558
-0.97390216588974
-0.7848929762840271
-0.8352988362312317
-0.8917219638824463
-0.9756333827972412
-0.8909274339675903
0.9827753305435181
-0.8404228091239929
-0.475746214389801
-0.9423562288284302
0.6145384311676025
-0.9621490836143494
-0.9049270153045654
0.9470860362052917
-0.7244715094566345
-0.9800922870635986
-0.7530947923660278
0.757260262966156
-0.9446166157722473
-0.9178578853607178
-0.4947105646133423
-0.8848203420639038
0.9838192462921143
-0.9131824970245361
-0.967728316783905
-0.977076530456543
-0.983073890209198
-0.9727053642272949
-0.9881706833839417
-0.9464819431304932
-0.7877833247184753
-0.9539332985877991
-0.5303857922554016
-0.8568580150604248
-0.9812889099121094
-0.9547247290611267
-0.9497406482696533
0.974714994430542
0.9845466613769531
-0.8694983124732971
-0.5839189291000366
0.9826197028160095
-0.9557492733001709
-0.9804372787475586
-0.9455540180206299
0.8361330628395081
-0.7393685579299927
-0.9436768889427185
0.9948392510414124
-0.9670813083648682
0.9874193668365479
-0.9673991203308105
-0.9617157578468323
0.3101206421852112
-0.9684978723526001
-0.9698963761329651
0.9493871927261353
-0.9303147792816162
0.9608064293861389
-0.9798523783683777
-0.7340854406356812
-0.8295028209686279
-0.9109221696853638
-0.20139078795909882
-0.9791139364242554
-0.9796748757362366
0.836755096912384
-0.940571665763855
-0.9863816499710083
-0.6709898710250854
-0.3856768012046814
-0.9843108057975769
-0.7493705749511719
-0.9222065210342407
-0.9738786220550537
-0.8427882790565491
-0.9700609445571899
-0.9791634678840637
0.9196996688842773
0.7512790560722351
-0.9019010066986084
-0.9845990538597107
-0.7097651362419128
-0.7581482529640198
-0.8748789429664612
-0.941845715045929
-0.9364436864852905
-0.9649984836578369
-0.9797518253326416
-0.3274146318435669
-0.9866900444030762
-0.9411007761955261
-0.9823859930038452
-0.9826079607009888
-0.9752659797668457
-0.9838263988494873
-0.5035563111305237
-0.967718243598938
-0.9684439897537231
-0.8672643303871155
0.9509822726249695
-0.9825040102005005
0.98272305727005
-0.9582683444023132
-0.9103610515594482
-0.9522901773452759
-0.7945637106895447
-0.9844911098480225
-0.8901249170303345
-0.6944289207458496
0.1126333475112915
-0.9597729444503784
-0.8097661733627319
-0.9700729846954346
-0.8282766342163086
-0.9695724844932556
-0.974244236946106
-0.9774590730667114
-0.8228011727333069
-0.7429420948028564
0.9376012086868286
-0.9803369045257568
-0.9729976058006287
-0.9876456260681152
-0.9084500670433044
-0.9148448705673218
-0.9335061311721802
-0.9556551575660706
-0.9680755138397217
-0.8056498765945435
-0.9736279249191284
-0.9449025988578796
-0.9750502705574036
-0.9691768884658813
-0.9804394245147705
-0.9066751003265381
-0.6834378838539124
-0.9112533330917358
0.9327254295349121
0.9765437245368958
-0.797507643699646
0.985737681388855
-0.9557626247406006
-0.9523051977157593
-0.9192643761634827
-0.9174501895904541
-0.9864192008972168
-0.9362622499465942
-0.9549872875213623
-0.9356221556663513
0.9900031089782715
-0.9676473736763
-0.8556762933731079
-0.6352318525314331
-0.985489547252655
-0.9883745908737183
-0.986042857170105
0.7216843366622925
-0.9698127508163452
-0.9646813273429871
-0.31791818141937256
-0.9726046919822693
-0.9603650569915771
-0.964714527130127
-0.9776386022567749
-0.9832238554954529
-0.9852635860443115
-0.591101348400116
-0.9334450364112854
-0.9898881912231445
-0.926819920539856
-0.9764333963394165
-0.7826830148696899
-0.9801616072654724
0.8019013404846191
-0.9645749926567078
-0.9629026651382446
-0.9804515838623047
-0.927183985710144
-0.7812299728393555
-0.87117600440979
0.44547510147094727
-0.9801815152168274
-0.4301202893257141
0.9762823581695557
1.0
-0.452065646648407
-0.9852866530418396
-0.8488252758979797
-0.9730268120765686
-0.9772081971168518
0.9562057256698608
-0.5999178290367126
-0.957014799118042
-0.9691928029060364
0.4541415870189667
-0.9717241525650024
-0.6776080131530762
0.12287364155054092
-0.9444313049316406
-0.11837444454431534
-0.9670168161392212
-0.9405598640441895
-0.6418007612228394
-0.9558945894241333
-0.8746174573898315
0.30020666122436523
-0.7351202964782715
-0.9818713665008545
-0.926136314868927
0.9865975379943848
-0.9664201736450195
-0.8524006605148315
-0.954525351524353
-0.9816357493400574
-0.699630081653595
-0.9583460688591003
-0.8898532390594482
-0.9573460221290588
0.9747182130813599
-0.9889676570892334
-0.9449070692062378
-0.8467162251472473
-0.907265305519104
0.055702827870845795
-0.43347522616386414
-0.939067542552948
-0.8532549142837524
-0.9811569452285767
-0.18257342278957367
-0.9665635824203491
-0.7634298205375671
-0.9779245853424072
-0.9510563015937805
0.9679768085479736
-0.9631369113922119
-0.9295711517333984
-0.9608166217803955
0.8981939554214478
-0.9734108448028564
0.9728051424026489
-0.9661486148834229
-0.941832959651947
-0.918235182762146
-0.8957655429840088
-0.9493303298950195
-0.9785419702529907
0.7571062445640564
-0.9624176025390625
-0.968034029006958
-0.9853200316429138
0.9803377389907837
-0.9874173998832703
0.9688500165939331
-0.9435524940490723
-0.9786162972450256
-0.9047383666038513
-0.8891279697418213
-0.9368282556533813
-0.8790310621261597
0.9834989309310913
-0.9795847535133362
1.0
0.9305992126464844
0.9848282337188721
-0.08673395216464996
0.9914140701293945
-0.9459658861160278
-0.9836964011192322
-0.9816634058952332
0.949886679649353
-0.9902442693710327
-0.9901229739189148
-0.9702187776565552
-0.974624514579773
-0.9710843563079834
-0.969988226890564
-0.9614992141723633
0.894593358039856
-0.8209741115570068
0.961514949798584
0.9710745811462402
-0.9676743149757385
-0.29424822330474854
-0.9725205898284912
-0.6134598255157471
0.870193362236023
-0.8995581269264221
-0.979255199432373
0.9738105535507202
-0.9713974595069885
-0.9815622568130493
-0.9540006518363953
-0.952632486820221
-0.9666465520858765
-0.9004539251327515
0.988268256187439
-0.9836345911026001
-0.8171058297157288
-0.9741163849830627
-0.9713840484619141
-0.9444918036460876
-0.06727399677038193
-0.8378993272781372
0.7983818054199219
-0.9819862246513367
-0.8667427897453308
-0.9892752170562744
0.4034516215324402
-0.9816330671310425
0.8989388942718506
-0.9033812880516052
-0.9300317764282227
-0.97002112865448
-0.9838187098503113
-0.9888527989387512
-0.9067198038101196
0.8691043853759766
-0.988996148109436
-0.9808814525604248
0.053510576486587524
-0.9768507480621338
-0.31599724292755127
-0.989350438117981
-0.1583949327468872
-0.8343024849891663
-0.963722825050354
-0.7202257513999939
0.9668103456497192
-0.9867551922798157
0.8738083839416504
-0.956198513507843
-0.9730485081672668
-0.9570064544677734
-0.9605706930160522
-0.9671428203582764
0.9852663278579712
0.9209917187690735
-0.9316257834434509
-0.9008113145828247
-0.9392545819282532
0.9739164113998413
0.9707409739494324
-0.5788675546646118
-0.9769774675369263
0.9518834352493286
-0.9825246334075928
-0.9372290968894958
-0.9825252890586853
-0.7812668681144714
-0.970771849155426
-0.5963608026504517
-0.9773108959197998
0.09777477383613586
0.9596738815307617
0.9509822726249695
0.8932732343673706
-0.9697167873382568
-0.662986695766449
-0.9593765735626221
-0.8657191395759583
-0.9559397101402283
0.8591970205307007
-0.8926773071289062
0.620853841304779
-0.817785382270813
-0.9527456760406494
-0.9509904980659485
-0.9718361496925354
-0.6857895255088806
-0.9872914552688599
-0.9772919416427612
0.8035662770271301
-0.9872698783874512
0.9806329607963562
0.9728883504867554
-0.9151039123535156
-0.9882444739341736
-0.009437726810574532
0.11064877361059189
-0.9787000417709351
0.08604025840759277
-0.9777531027793884
0.7960904240608215
-0.22877977788448334
-0.978554368019104
0.42459309101104736
-0.9768363237380981
-0.9249504208564758
-0.8846849799156189
-0.9879890084266663
-0.935780942440033
-0.9488316178321838
-0.9693121910095215
-0.6732620000839233
-0.9780440926551819
-0.9728859066963196
-0.9783115983009338
0.9080172181129456
-0.891668975353241
-0.9226383566856384
-0.9868407845497131
0.9530797004699707
-0.9604122638702393
0.9288151264190674
-0.7400175333023071
-0.9640800356864929
-0.8468231558799744
-0.8361767530441284
-0.9850590229034424
-0.8905376195907593
-0.9938547015190125
-0.9720064997673035
-0.9480753540992737
-0.9732515215873718
-0.9818941354751587
-0.9738253951072693
-0.4863068163394928
0.552662193775177
-0.9668377041816711
-0.9700160622596741
-0.7858466506004333
-0.4528442621231079
0.9473162889480591
-0.9194755554199219
-0.7836845517158508
0.7791217565536499
0.9700486660003662
-0.9574881196022034
-0.6566044688224792
-0.976000189781189
-0.8485665321350098
-0.004527926445007324
-0.9732614159584045
-0.9779763221740723
-0.9292013049125671
-0.856785774230957
-0.12210965156555176
-0.9750539660453796
-0.9631184935569763
-0.9828990697860718
-0.9834721088409424
-0.466703325510025
-0.9281535744667053
-0.8822762370109558
-0.9910522699356079
-0.824505627155304
0.7787863612174988
-0.934031069278717
0.952251136302948
-0.9325352907180786
0.9254041910171509
0.9838468432426453
-0.9279206395149231
-0.958113431930542
-0.975761890411377
-0.46952444314956665
-0.9659171104431152
0.823381781578064
-0.989872395992279
-0.9037728309631348
0.9556959867477417
-0.8732896447181702
0.9387564659118652
-0.6996762752532959
-0.9104154706001282
-0.892255961894989
-0.9709550142288208
-0.9856962561607361
-0.7510344982147217
-0.9624463319778442
-0.9827117323875427
-0.9236924648284912
-0.8568480014801025
-0.8614724278450012
-0.9765951633453369
-0.9604955315589905
-0.8521396517753601
-0.9028236269950867
-0.6481279134750366
-0.9752107858657837
-0.9732519388198853
-0.7844018936157227
0.9640378952026367
-0.7719272375106812
-0.9699962735176086
0.48367682099342346
-0.9551608562469482
-0.9555714130401611
0.9667298793792725
-0.9835695624351501
-0.6866675019264221
-0.8857855796813965
-0.9604511260986328
0.528448760509491
-0.8047919273376465
-0.983609676361084
-0.950661301612854
0.9629204273223877
-0.8591738343238831
-0.985261082649231
0.7480347156524658
-0.15589584410190582
0.9822419881820679
-0.9779953956604004
0.7366365194320679
0.9829874634742737
0.7072905898094177
0.9394601583480835
-0.7994330525398254
-0.9854413270950317
-0.9251267313957214
0.9799531698226929
-0.8193972110748291
-0.9846384525299072
0.9692600965499878
-0.7431901097297668
-0.9810366630554199
-0.8693462610244751
-0.5428151488304138
-0.9684731960296631
-0.9905922412872314
-0.6346061825752258
0.9679775834083557
-0.3657630980014801
-0.9627911448478699
0.9359909296035767
-0.9924027919769287
-0.9719003438949585
-0.9390509128570557
-0.8892683386802673
0.9822933673858643
-0.4327888786792755
-0.9393147826194763
0.13958491384983063
-0.9866064786911011
-0.9760050773620605
0.9902773499488831
-0.972270131111145
0.5625854134559631
-0.9744008779525757
-0.9074989557266235
-0.9474077224731445
0.9166126251220703
-0.5675813555717468
-0.9674360156059265
-0.9767632484436035
0.9799796938896179
-0.8299349546432495
-0.9680258631706238
0.9565085172653198
-0.9461652636528015
-0.9747619032859802
-0.8166324496269226
0.9831085801124573
-0.9820886850357056
-0.5501335263252258
-0.9545059204101562
-0.9225999116897583
-0.5303524732589722
0.8177579045295715
-0.9874835014343262
0.9700170159339905
-0.9219928979873657
-0.9039244055747986
-0.9707839488983154
-0.9788208603858948
-0.9203290343284607
-0.9899781942367554
-0.8638572692871094
-0.9814398288726807
0.3439062237739563
-0.9604752063751221
0.8019022941589355
-0.9685514569282532
-0.9443687796592712
0.009208375588059425
-0.9753906726837158
0.9195142984390259
-0.6299643516540527
-0.9606235027313232
-0.32384192943573
-0.9558176398277283
0.9632129669189453
-0.14155811071395874
0.9905622005462646
-0.03593732789158821
-0.9486141204833984
-0.9529495239257812
-0.9373675584793091
-0.19042740762233734
-0.9234619140625
-0.9496781826019287
-0.9061335921287537
-0.9897833466529846
-0.9198970198631287
-0.9794607758522034
0.9811572432518005
-0.9473474621772766
0.9737119674682617
-0.8806345462799072
0.7060196399688721
-0.9674896001815796
-0.918638288974762
-0.8288396000862122
-0.982146143913269
0.9591077566146851
-0.9672459959983826
-0.9802877306938171
-0.9278926253318787
-0.9883118271827698
-0.9508227705955505
-0.882422149181366
-0.8813114762306213
-0.8767701983451843
-0.9790672659873962
-0.9477726221084595
-0.9196340441703796
-0.8782331347465515
-0.9832706451416016
-0.8935537934303284
0.8739342093467712
-0.706929624080658
0.9819687604904175
-0.9054388999938965
-0.9755000472068787
0.022420838475227356
-0.9484125375747681
-0.925467848777771
-0.9741944074630737
-0.9404023885726929
-0.9562402963638306
-0.9900127649307251
-0.9761689305305481
-0.9634221792221069
-0.9265143275260925
-0.9866765737533569
-0.9867269992828369
-0.9196591377258301
-0.5477330684661865
-0.6575909852981567
-0.9278218150138855
-0.9247005581855774
-0.9424334764480591
-0.5906984210014343
-0.9831687211990356
-0.9778214693069458
-0.9899166226387024
-0.9378148913383484
-0.9159079790115356
-0.9818101525306702
-0.7322156429290771
-0.9748224020004272
-0.9846367835998535
-0.9612314701080322
0.9830794334411621
-0.9940692186355591
-0.9224880337715149
0.16105133295059204
-0.9758992195129395
-0.7814559936523438
-0.9478288292884827
-0.9892102479934692
-0.9712245464324951
0.9646977186203003
-0.9630272388458252
-0.9815694093704224
-0.9562573432922363
-0.8801836371421814
-0.8025254011154175
-0.9643843173980713
-0.6334353685379028
-0.9570878744125366
-0.32199177145957947
-0.8596267104148865
-0.9332623481750488
-0.9371694326400757
-0.9641149044036865
-0.9823589324951172
-0.5869650840759277
-0.9621542096138
0.6280531287193298
-0.974642813205719
-0.9803546667098999
-0.9352628588676453
-0.9623019695281982
-0.9350736737251282
-0.7516422867774963
0.9274544715881348
-0.9293640851974487
-0.919524073600769
0.5452155470848083
-0.9282559752464294
-0.9537250995635986
-0.9296429753303528
-0.9674965739250183
-0.9545499086380005
-0.9427729845046997
-0.5369120240211487
-0.6978416442871094
-0.6345690488815308
-0.10338670015335083
-0.7917948961257935
-0.9713387489318848
-0.9438307881355286
-0.9424075484275818
-0.9898923635482788
-0.9421718120574951
0.7574498653411865
-0.09307850897312164
-0.9774089455604553
0.8044735193252563
-0.9815862774848938
-0.9833096265792847
-0.8833277225494385
-0.7679339647293091
-0.9887284636497498
-0.43906867504119873
-0.9638049006462097
-0.7442730069160461
-0.9579489827156067
-0.34805870056152344
-0.9363453984260559
0.9689187407493591
-0.9589433670043945
-0.8982033729553223
-0.8910964727401733
-0.9851725101470947
-0.9681249260902405
0.28698787093162537
-0.9781343936920166
0.9679842591285706
-0.7917689085006714
0.220540851354599
0.9812021255493164
-0.9597982168197632
-0.9768451452255249
-0.9774149656295776
-0.9906505942344666
-0.9662632346153259
0.1299254298210144
0.9456506967544556
-0.952497661113739
-0.9616388082504272
-0.8490824699401855
-0.5909148454666138
-0.9215102195739746
-0.9387087821960449
0.9781447649002075
-0.4521777331829071
-0.8377512097358704
-0.9583969116210938
-0.9737647771835327
-0.9641755223274231
-0.907188355922699
-0.616281270980835
-0.5183523893356323
-0.18529902398586273
-0.9785943031311035
-0.9334225058555603
-0.48870760202407837
-0.8935543894767761
-0.9777885675430298
-0.9614996314048767
-0.9065008163452148
-0.9705438613891602
-0.9742394089698792
-0.8903700113296509
-0.9178438186645508
-0.04560518264770508
-0.9815754294395447
-0.9087910652160645
0.9851238131523132
-0.9548799991607666
-0.988964319229126
0.8688910007476807
-0.9803352355957031
-0.9494522213935852
-0.8680366277694702
-0.6884005069732666
-0.9402354955673218
-0.9808805584907532
0.7087307572364807
0.552363932132721
-0.9569910168647766
-0.9354272484779358
0.41460999846458435
-0.9700621962547302
-0.9683345556259155
-0.9826169013977051
-0.9866211414337158
-0.9835204482078552
-0.9141003489494324
-0.5623263716697693
-0.9822031259536743
-0.9262381792068481
0.9792212247848511
-0.6326274275779724
-0.9666665196418762
-0.911263108253479
0.02229139395058155
-0.9885885715484619
-0.9326748847961426
-0.9892417192459106
-0.8717590570449829
-0.9624348878860474
0.957390546798706
-0.9303833842277527
-0.9587762951850891
-0.8603172898292542
0.9769521355628967
-0.9818902611732483
-0.9711845517158508
-0.91816246509552
-0.8957806825637817
-0.9632822275161743
-0.9644268751144409
-0.9161492586135864
0.9162859916687012
0.9747225046157837
-0.886849045753479
0.23155121505260468
-0.968810498714447
-0.948334276676178
-0.977019727230072
-0.9849333763122559
-0.09667553007602692
-0.9552043676376343
0.40458476543426514
-0.9867232441902161
-0.2197096198797226
-0.9216055870056152
-0.12449486553668976
-0.9731134176254272
0.8749848008155823
-0.9778608083724976
-0.9707738161087036
-0.9714821577072144
-0.9834075570106506
-0.9365033507347107
0.8547264337539673
-0.7737258672714233
-0.9635045528411865
-0.9512587189674377
-0.8809044361114502
-0.8823747634887695
-0.9653069376945496
-0.9672290086746216
-0.7884177565574646
-0.9831923246383667
0.9894086718559265
-0.2321191132068634
0.9100884199142456
0.6124510765075684
0.9899091124534607
-0.9831377267837524
-0.9474301934242249
-0.9563263654708862
-0.9619320631027222
0.9741930961608887
-0.970174252986908
-0.9823211431503296
0.9905649423599243
-0.8916928768157959
-0.9744426608085632
0.004145106300711632
0.9909069538116455
-0.9513636231422424
-0.9792623519897461
-0.12175557762384415
-0.9809480905532837
-0.9858302474021912
-0.9026268720626831
-0.9781324863433838
-0.9536893367767334
-0.852140486240387
-0.9198803305625916
-0.9421947002410889
-0.8850451707839966
-0.9599239826202393
-0.9915567636489868
-0.9068576097488403
0.8544888496398926
-0.9747415781021118
0.2977502644062042
-0.9836665391921997
-0.9531639218330383
-0.9457173943519592
-0.6310513615608215
-0.9775846600532532
-0.9832708835601807
-0.9256808161735535
-0.9618053436279297
-0.9534717798233032
-0.9265629053115845
-0.8486550450325012
-0.9585775136947632
-0.9546047449111938
-0.9413119554519653
-0.9713616967201233
0.7845543622970581
-0.9717720150947571
-0.929041862487793
-0.9602476954460144
-0.987647294998169
-0.6615757942199707
-0.9778913259506226
0.9727689623832703
-0.9262838363647461
-0.982912540435791
-0.7705485820770264
-0.9684350490570068
-0.986222505569458
-0.9451326727867126
-0.9655075073242188
-0.6587477922439575
-0.9622883796691895
-0.9411563873291016
-0.9749865531921387
-0.9837340712547302
-0.9773222804069519
-0.9813703298568726
0.9508321285247803
-0.9685038328170776
0.9854938983917236
0.8666457533836365
-0.940746009349823
0.7861177921295166
-0.9718523025512695
-0.9334712028503418
0.9679622650146484
-0.9539435505867004
-0.9520993232727051
-0.8968005776405334
-0.04091983288526535
0.9583396911621094
-0.9186941385269165
-0.7026872038841248
-0.9614072442054749
-0.9642983675003052
-0.7104284763336182
-0.9698343276977539
-0.8945015668869019
0.8105615377426147
-0.8063680529594421
-0.9524028301239014
-0.8917835354804993
-0.6247923970222473
0.6742651462554932
0.9849576950073242
-0.37623360753059387
-0.9548170566558838
-0.95948326587677
-0.9168970584869385
-0.9737680554389954
-0.9616224765777588
-0.8072185516357422
-0.9429891109466553
-0.9468812346458435
-0.936771810054779
-0.9471836686134338
-0.9894300699234009
0.9267097115516663
-0.8686664700508118
-0.5070699453353882
0.9252127408981323
-0.6358203887939453
-0.9706764221191406
-0.927144467830658
-0.9475102424621582
-0.556254506111145
-0.983428955078125
0.9035937190055847
-0.25309574604034424
-0.9820336103439331
-0.9361121654510498
-0.8871946334838867
-0.979630708694458
-0.8848400712013245
-0.9152413606643677
-0.9339234828948975
-0.9823110103607178
-0.6944600343704224
-0.9506457448005676
-0.965141236782074
-0.7015741467475891
-0.9142893552780151
-0.979918360710144
-0.9425715208053589
-0.8288484215736389
-0.9673371315002441
-0.5659767389297485
-0.7539499998092651
-0.938143789768219
-0.9867460131645203
-0.9628841876983643
-0.9806143641471863
-0.9334230422973633
-0.9381489157676697
-0.9077470898628235
-0.9061288833618164
-0.9362942576408386
-0.9540562629699707
-0.9539784789085388
-0.9714267253875732
-0.9871273040771484
-0.9781349897384644
-0.984883725643158
-0.9688585996627808
0.9375498294830322
-0.9233761429786682
-0.19682668149471283
-0.9639188051223755
-0.935367226600647
0.8964789509773254
0.9285217523574829
-0.2483900785446167
0.5862836241722107
-0.9613795280456543
-0.9590254426002502
0.9438197612762451
-0.794847309589386
-0.35268595814704895
-0.9461161494255066
-0.9669172763824463
-0.5667401552200317
-0.9764799475669861
-0.7403803467750549
-0.9082603454589844
-0.9242510795593262
0.9761396646499634
-0.9683976769447327
-0.8777713775634766
-0.8180581331253052
0.9674510955810547
-0.8852825164794922
-0.9703295826911926
-0.9484736323356628
-0.9741622805595398
-0.9605071544647217
-0.9736623167991638
0.9837987422943115
-0.9832026362419128
-0.9798096418380737
-0.7760260105133057
-0.9151491522789001
-0.8881587982177734
-0.9673242568969727
-0.9431858062744141
0.9853367209434509
-0.9397848844528198
-0.9491038918495178
-0.9286813735961914
-0.9788774847984314
-0.7787975668907166
0.8508779406547546
-0.9864643812179565
-0.9623837471008301
-0.9789986610412598
-0.9666454792022705
-0.03126124292612076
-0.38171660900115967
-0.9534595012664795
-0.9781608581542969
0.9878528118133545
-0.9620451927185059
-0.9898713231086731
-0.8979392051696777
-0.9365289211273193
-0.8914459347724915
-0.9867428541183472
-0.9366393089294434
-0.9759054183959961
0.9805571436882019
-0.964396595954895
-0.9646868705749512
-0.9421961307525635
-0.9557329416275024
-0.9788194298744202
-0.9751675724983215
-0.9639739990234375
-0.9280874729156494
-0.9714252948760986
-0.9375903606414795
-0.9854187965393066
-0.9219244718551636
-0.956378698348999
-0.9742008447647095
0.975028395652771
-0.8452947735786438
-0.9870101809501648
0.9755807518959045
-0.562890350818634
-0.9881065487861633
-0.8558564782142639
-0.9788183569908142
0.9797054529190063
-0.9501519799232483
0.9735579490661621
-0.39845559000968933
-0.9143377542495728
-0.9521966576576233
0.9878369569778442
-0.896266758441925
-0.8934758305549622
0.9897643327713013
-0.3576551675796509
-0.9854471683502197
0.9296267032623291
-0.9702613353729248
-0.9755977392196655
-0.9843178987503052
0.14114591479301453
-0.9709357023239136
-0.8957936763763428
-0.989409327507019
-0.9586161375045776
-0.9651336669921875
0.9305855631828308
0.9693430662155151
-0.969000518321991
-0.96531081199646
0.5905243754386902
-0.8871761560440063
-0.9695591330528259
-0.8846027851104736
-0.8160125613212585
-0.9831169843673706
-0.9764435291290283
-0.8331813812255859
0.9831370115280151
-0.9546872973442078
-0.986644983291626
-0.9745325446128845
-0.9732901453971863
-0.9595050811767578
-0.9526807069778442
-0.9504332542419434
-0.9722391366958618
-0.9235278367996216
-0.9132183194160461
0.9310388565063477
-0.9819363951683044
-0.5137547254562378
-0.9238274097442627
-0.9798524379730225
-0.9852709770202637
-0.9855340123176575
-0.7805973291397095
-0.9019660353660583
-0.9515417814254761
0.9649115204811096
-0.9112016558647156
-0.8267726898193359
-0.9718730449676514
-0.9721735715866089
0.9732398986816406
0.9828783273696899
-0.9785613417625427
0.9470319151878357
-0.8991235494613647
-0.4974551498889923
0.9322935342788696
-0.9541146159172058
-0.9745504260063171
-0.9362515807151794
-0.9647856950759888
-0.9833059906959534
-0.8634064197540283
-0.857071042060852
0.9850191473960876
-0.9819209575653076
-0.8082491159439087
-0.8356245756149292
-0.7453398704528809
0.7861708402633667
-0.9063246846199036
-0.7201488614082336
-0.949535608291626
-0.9817830324172974
-0.9869116544723511
-0.866041362285614
-0.9693973660469055
-0.9751448631286621
-0.861127495765686
-0.9707223773002625
-0.8407931327819824
0.6853588223457336
0.9642333984375
0.9379702806472778
0.9663881659507751
-0.8437113761901855
-0.968971848487854
0.9781922101974487
-0.9759107828140259
0.9781821966171265
-0.9723021388053894
0.4279170036315918
-0.4148508310317993
-0.9387155175209045
0.960314154624939
-0.9544845223426819
-0.4550972580909729
-0.9622775316238403
-0.9517393112182617
-0.96631920337677
-0.9734017848968506
-0.8964914083480835
-0.3861539363861084
-0.9662428498268127
-0.9768836498260498
-0.38185909390449524
0.4345754384994507
-0.9520976543426514
-0.9695613384246826
0.8830232620239258
-0.9775747060775757
-0.6182237863540649
-0.9875839948654175
-0.8138236403465271
-0.973921000957489
0.9863848090171814
-0.9784528613090515
-0.9610394239425659
-0.8699164390563965
-0.6699600219726562
-0.8777434825897217
0.9899588823318481
-0.9338602423667908
-0.9016062021255493
-0.9760569334030151
0.9726800918579102
0.861492395401001
-0.8059149980545044
-0.7521619200706482
-0.8378831148147583
-0.9727787971496582
-0.8154908418655396
0.9858486652374268
-0.9681880474090576
-0.9775223135948181
-0.5282691717147827
-0.97309809923172
-0.9814945459365845
-0.9521938562393188
-0.932585597038269
-0.93840491771698
-0.9881107807159424
-0.971320629119873
-0.9659790396690369
-0.21672850847244263
-0.977358877658844
-0.9384244680404663
-0.8625932931900024
-0.8907136917114258
-0.9494134783744812
0.9884153604507446
-0.9067986011505127
-0.9732844829559326
-0.9886707663536072
-0.9383552074432373
-0.9566931128501892
-0.2648281455039978
-0.954412043094635
-0.9649191498756409
-0.9829152822494507
-0.962871253490448
0.968265175819397
-0.9612962007522583
-0.9644322991371155
0.8928747177124023
-0.9702721834182739
-0.9845827221870422
-0.9146089553833008
0.4579240381717682
-0.9040434956550598
-0.9918857216835022
-0.9833666086196899
-0.06124027818441391
-0.918053925037384
-0.8272404074668884
-0.9734796285629272
-0.9908446073532104
0.9725576639175415
-0.6852986216545105
-0.9804879426956177
-0.9281588792800903
0.17624922096729279
-0.9649866819381714
-0.6937767267227173
-0.9068160653114319
-0.9688175320625305
-0.9543052911758423
-0.5653624534606934
-0.9772820472717285
-0.9106507301330566
-0.9612176418304443
-0.9622963666915894
