-0.9727996587753296
-0.8989553451538086
-0.964911937713623
-0.961359441280365
-0.9725668430328369
-0.935739278793335
-0.9867744445800781
-0.8584021329879761
-0.9517921209335327
-0.9177312850952148
0.9868279099464417
0.951321005821228
-0.9503962397575378
-0.9830833077430725
-0.9454028010368347
-0.9668242931365967
-0.9749764204025269
-0.9742985367774963
-0.708770215511322
-0.43395093083381653
-0.9557650089263916
-0.7618392109870911
0.9193088412284851
-0.9905440807342529
-0.631851077079773
-0.9233049154281616
-0.9681756496429443
-0.9503520727157593
-0.9683742523193359
-0.9697821140289307
-0.7834031581878662
-0.9514502882957458
-0.5620971322059631
-0.8703267574310303
-0.8028607964515686
-0.9267308115959167
-0.9633208513259888
-0.9419987201690674
-0.9314814805984497
-0.9877784252166748
-0.8929420113563538
0.9640296697616577
-0.9274830222129822
-0.054800719022750854
-0.9353162050247192
-0.7658825516700745
-0.9515093564987183
-0.6634312868118286
-0.9153933525085449
-0.8801426291465759
-0.9722827672958374
-0.9534222483634949
-0.6846902370452881
0.9797632694244385
-0.8587514162063599
0.9723320007324219
-0.9850243926048279
-0.8791065216064453
-0.584256649017334
0.974381685256958
-0.971106231212616
-0.961126446723938
-0.9850654602050781
-0.9747860431671143
-0.9843077063560486
-0.9554274678230286
-0.920005738735199
-0.7746233940124512
-0.7768898606300354
-0.9288275241851807
-0.8039794564247131
-0.8849488496780396
-0.9667653441429138
-0.9443708658218384
0.9862179756164551
-0.9102249145507812
-0.9539779424667358
-0.9710842967033386
0.9683477878570557
-0.9682628512382507
-0.8572990298271179
0.8319587707519531
-0.9658113718032837
-0.9810948371887207
0.7500519752502441
0.963029682636261
-0.9551714062690735
-0.966626763343811
0.94597989320755
-0.9604371786117554
-0.8114991188049316
-0.9767937064170837
-0.8391208648681641
-0.9567245841026306
-0.9784702062606812
-0.6659045815467834
-0.9817191362380981
-0.9545321464538574
-0.7660729885101318
-0.9799606800079346
-0.984092116355896
-0.9761877655982971
-0.8125938773155212
-0.9166162014007568
-0.9452875852584839
-0.9861227869987488
-0.9887875318527222
-0.9337716102600098
-0.9621810913085938
-0.9280314445495605
-0.21329031884670258
-0.8959084153175354
0.8941386342048645
0.966309666633606
0.9676691889762878
0.9150364398956299
-0.9707494378089905
0.007587049156427383
-0.8933075666427612
-0.985803484916687
0.830106258392334
-0.9716401696205139
0.9479836225509644
-0.9366536140441895
-0.5725584030151367
-0.8977487087249756
-0.8859739303588867
-0.9478865265846252
-0.9835068583488464
-0.9074997901916504
-0.9914018511772156
0.873047947883606
-0.9828596115112305
-0.9533765912055969
-0.9613668322563171
-0.9803494811058044
0.9611208438873291
-0.8024500012397766
0.9658218622207642
-0.8345813751220703
0.9138038158416748
-0.984346866607666
-0.8864381909370422
-0.9872111082077026
-0.9530898332595825
-0.9854493737220764
-0.8995234966278076
-0.7635261416435242
-0.9655203223228455
-0.8260315656661987
-0.9852872490882874
-0.9855717420578003
-0.9651412963867188
-0.9139510989189148
0.8515815138816833
-0.9853891730308533
-0.9487800002098083
-0.9786069393157959
-0.9735313653945923
-0.9669302701950073
0.9694488644599915
0.9864469766616821
-0.7434517741203308
-0.9248641729354858
0.9516263604164124
0.909003496170044
-0.9679529666900635
-0.9601648449897766
0.35862845182418823
-0.8047696352005005
-0.9678637981414795
-0.9691109657287598
0.9476214051246643
-0.9293641448020935
-0.9166312217712402
-0.9835590124130249
0.9619554281234741
-0.885195791721344
-0.8788483142852783
-0.9240919947624207
-0.729170560836792
-0.8600440621376038
-0.9592574834823608
0.9900895953178406
-0.9849048852920532
-0.9698300957679749
-0.9565953016281128
-0.988784670829773
-0.9808310270309448
-0.9681023359298706
-0.9246261715888977
-0.7709598541259766
-0.9595089554786682
-0.9539093971252441
-0.9861404895782471
-0.8963720202445984
-0.9197731614112854
-0.8258404731750488
-0.9532227516174316
-0.8839663863182068
-0.9670410752296448
-0.9618750810623169
-0.43616965413093567
-0.14235147833824158
-0.4552651643753052
-0.8848169445991516
-0.9580440521240234
0.4561573266983032
-0.7794349193572998
-0.8794989585876465
-0.7110404968261719
0.9663626551628113
-0.8473787307739258
-0.9578883647918701
-0.9892479181289673
-0.3298496901988983
-0.9785948395729065
-0.8763917684555054
-0.9781596660614014
-0.9524244070053101
-0.9655531644821167
-0.9105263352394104
-0.9809269309043884
-0.9901695251464844
-0.7255017161369324
-0.9696126580238342
-0.7363201379776001
-0.9682133197784424
-0.957571804523468
0.945419192314148
-0.9801896214485168
-0.9109785556793213
-0.9353474974632263
-0.9255242943763733
-0.9861282110214233
-0.9788244366645813
-0.9723190665245056
-0.958337128162384
-0.9698364734649658
-0.8839101791381836
-0.9192724227905273
-0.9678347110748291
0.9382425546646118
-0.9544163942337036
0.931111752986908
-0.9695937633514404
-0.9277028441429138
-0.9604771137237549
0.05120822414755821
0.6823974251747131
-0.9586321711540222
-0.7578276991844177
-0.7773141860961914
0.9669820666313171
-0.983552098274231
-0.9433420300483704
-0.7875530123710632
-0.9827325344085693
-0.9898093938827515
-0.500350296497345
-0.9583668112754822
-0.987975001335144
-0.9371991753578186
-0.9516122341156006
0.39109480381011963
-0.6412432193756104
-0.9362371563911438
-0.9804518222808838
-0.7039293050765991
-0.9357837438583374
0.9388508796691895
-0.9755569696426392
-0.9524984359741211
-0.6189892888069153
-0.9620808362960815
-0.906447172164917
0.8437184691429138
0.024263598024845123
-0.975357711315155
-0.9829054474830627
-0.8521049618721008
0.6680014133453369
-0.9109876155853271
-0.970485270023346
0.9558438062667847
-0.9561648964881897
-0.9614986777305603
-0.9789296388626099
-0.8285901546478271
-0.81034255027771
-0.8860291838645935
-0.8520848155021667
0.7535173892974854
-0.8791693449020386
0.8349944949150085
-0.898298442363739
-0.9796957969665527
0.9878054857254028
-0.8839213252067566
-0.9278467893600464
-0.9844030141830444
0.8639430999755859
-0.8790053129196167
-0.8623876571655273
-0.894848108291626
-0.7797788977622986
-0.8264259099960327
-0.9903457760810852
-0.9751694202423096
-0.9506990909576416
-0.6870769262313843
-0.9056171178817749
-0.9748764634132385
-0.9439222812652588
-0.9140467643737793
-0.8780581951141357
-0.9664009213447571
-0.6412479877471924
-0.9726307392120361
-0.8105620741844177
-0.8659902811050415
-0.9566632509231567
-0.6180026531219482
-0.8903615474700928
-0.9746502637863159
-0.7470141649246216
-0.9727605581283569
-0.9836916327476501
-0.8746244311332703
-0.9183582067489624
-0.9627772569656372
-0.9697871208190918
-0.9365534782409668
-0.8570908904075623
-0.9581245183944702
0.948594331741333
0.7994008660316467
-0.9254723191261292
0.9670042991638184
-0.8301172256469727
-0.9548797607421875
-0.7859292030334473
-0.7864407896995544
-0.8682447075843811
-0.9418308734893799
0.9621104001998901
-0.6827945113182068
-0.9851205348968506
-0.9244368076324463
-0.7348752617835999
0.9577028751373291
-0.7507177591323853
-0.9690351486206055
-0.9874868392944336
-0.8940605521202087
0.951863169670105
-0.9773896336555481
-0.9065663814544678
-0.9751197695732117
-0.8140725493431091
-0.9010801315307617
-0.35061541199684143
-0.9669827222824097
-0.9880623817443848
0.9896597862243652
-0.9557594060897827
-0.933632493019104
-0.8990337252616882
-0.754021406173706
-0.9415100812911987
-0.9220017790794373
-0.8321266174316406
0.967083215713501
-0.9122766852378845
-0.9290921688079834
-0.7826892733573914
0.9269484877586365
-0.9036821722984314
-0.26466283202171326
-0.7771167159080505
-0.9543116688728333
-0.9896113872528076
-0.9593334197998047
-0.8389841914176941
-0.989656925201416
-0.947329044342041
-0.924039363861084
-0.9762535691261292
0.9851465821266174
0.4965116083621979
-0.9101148843765259
0.04416424408555031
-0.9816440939903259
-0.8730095624923706
-0.8825415968894958
-0.9731127023696899
-0.6992180943489075
-0.9499632120132446
-0.8418985605239868
0.982795238494873
-0.9499696493148804
-0.9618637561798096
0.907461941242218
-0.9120068550109863
-0.9612810611724854
-0.9710604548454285
-0.9795766472816467
-0.9501543641090393
-0.9758449792861938
-0.9598166346549988
-0.9849497675895691
-0.9873392581939697
0.9560095071792603
0.9808641672134399
-0.9858061075210571
-0.9438061118125916
-0.8945679664611816
-0.9536570906639099
-0.671052098274231
-0.9399521350860596
-0.9726388454437256
-0.9860674142837524
-0.4936918318271637
-0.9258562922477722
-0.9775065183639526
-0.6881515979766846
-0.9788316488265991
-0.8645820617675781
-0.8930206298828125
-0.7923463582992554
-0.9850083589553833
-0.9474971890449524
-0.9371763467788696
-0.9895857572555542
0.9856363534927368
-0.6659163236618042
-0.8409276008605957
-0.9737106561660767
-0.9785066843032837
0.7600067853927612
-0.9622766375541687
0.9720382690429688
0.9758567810058594
-0.9874258041381836
0.8992770314216614
-0.960814893245697
-0.8799718618392944
-0.9632370471954346
-0.9097974896430969
-0.9203307628631592
-0.9443220496177673
-0.9869647026062012
-0.7124660611152649
-0.935019314289093
0.9447345733642578
-0.81074059009552
-0.9633733034133911
-0.8210830688476562
-0.9632187485694885
-0.9672057628631592
-0.8952543139457703
-0.8906578421592712
-0.9198356866836548
-0.9258732199668884
0.10909022390842438
0.9393672347068787
-0.9790558815002441
-0.9604564905166626
-0.285216748714447
-0.759225070476532
-0.9513130187988281
-0.9287556409835815
-0.9645589590072632
-0.6801866292953491
-0.9556552171707153
-0.9420344829559326
-0.9884909987449646
-0.6882060170173645
-0.9554399251937866
-0.9414626955986023
-0.956767201423645
0.9104492664337158
-0.9821889400482178
-0.9618943929672241
-0.9722254276275635
-0.9001868367195129
-0.9221741557121277
-0.9481843709945679
-0.9424917697906494
-0.980114221572876
-0.9813297986984253
-0.9492509365081787
-0.4825936555862427
-0.9534279704093933
-0.9337422251701355
-0.9858248233795166
0.95775306224823
-0.98526531457901
-0.9505311846733093
-0.9652163982391357
-0.9512514472007751
-0.8245975971221924
-0.9779825210571289
-0.9712592959403992
-0.8414319753646851
-0.9626767635345459
-0.5960637331008911
0.29559093713760376
-0.980610728263855
-0.934867799282074
0.9277300834655762
-0.9723241925239563
-0.9719823598861694
-0.9711589217185974
-0.794692873954773
-0.7447171211242676
-0.9033955335617065
-0.9573639631271362
-0.5042476654052734
0.6250029802322388
-0.9685457944869995
-0.9685346484184265
-0.9666541814804077
-0.9517984390258789
-0.9578956961631775
-0.9660836458206177
-0.9664466381072998
-0.9367139339447021
0.08497080951929092
0.9654525518417358
-0.7828701734542847
-0.9501640796661377
-0.9603533148765564
-0.92069411277771
-0.9779800176620483
-0.9818899631500244
-0.9548106789588928
-0.958001971244812
-0.9652811288833618
-0.9810711741447449
0.8917425870895386
-0.7832843065261841
0.9629082083702087
-0.9559659957885742
-0.9525002241134644
0.9536181092262268
-0.849031388759613
-0.9596107602119446
-0.19137196242809296
-0.9479858875274658
-0.9599603414535522
0.9796594381332397
-0.08342872560024261
-0.9233592748641968
-0.9004055857658386
0.9879277944564819
-0.9549117088317871
-0.953521728515625
0.8671055436134338
0.9822477698326111
-0.9609283804893494
-0.9530653357505798
-0.97038334608078
-0.9626849293708801
-0.901873767375946
-0.961329460144043
-0.9813791513442993
-0.27288100123405457
-0.9805123805999756
-0.9710382223129272
-0.9595396518707275
0.6232687830924988
-0.8296746611595154
0.9613764882087708
-0.9435659646987915
-0.8134101629257202
-0.952046275138855
-0.9292209148406982
-0.9833711385726929
-0.9565590023994446
-0.9525269865989685
-0.5939062833786011
0.9528260231018066
-0.9348927736282349
0.5236784219741821
-0.03512228652834892
-0.9809520244598389
-0.9482707381248474
0.9769919514656067
-0.9552202224731445
-0.9253271222114563
-0.9705758690834045
-0.9800640344619751
-0.972923755645752
-0.8674415946006775
-0.8647421002388
-0.9580101370811462
-0.9130877256393433
-0.9795291423797607
-0.8117883205413818
-0.9275425672531128
-0.9786859750747681
0.9082489609718323
-0.9479156136512756
0.9713165760040283
-0.9419012069702148
-0.5901823043823242
-0.8396493792533875
-0.887874960899353
0.3926140367984772
0.9697376489639282
-0.9649536609649658
0.9021234512329102
0.9920818209648132
-0.976394534111023
-0.9254251718521118
-0.9721549153327942
-0.9134289026260376
-0.9522050023078918
-0.9316527247428894
0.9849219918251038
-0.9785062670707703
-0.9249682426452637
-0.9782330989837646
-0.8520383834838867
0.026769226416945457
-0.9702004194259644
-0.969759464263916
-0.9505590796470642
-0.9446783065795898
0.9747725129127502
-0.9262839555740356
-0.8872260451316833
-0.9226090908050537
0.9911975860595703
-0.9704563021659851
-0.15926361083984375
0.9780460000038147
0.6788341999053955
-0.9707391262054443
-0.9656819105148315
-0.9689235687255859
-0.9521551728248596
-0.9397935271263123
-0.973983645439148
-0.9194881916046143
-0.4655686914920807
0.965949296951294
0.9876390695571899
0.9607592821121216
0.9174836277961731
-0.9837852120399475
-0.9669631123542786
-0.9756976366043091
0.9738317131996155
-0.8585766553878784
0.9885050654411316
-0.9687471389770508
-0.8196589946746826
-0.8353186249732971
-0.9036865830421448
-0.9513707160949707
-0.743039071559906
-0.251125305891037
0.9011147022247314
0.9920492768287659
-0.7855912446975708
-0.7050798535346985
0.5063232183456421
-0.9685547351837158
0.9287505745887756
-0.832308828830719
0.9603214263916016
-0.9742227792739868
-0.9722284078598022
-0.9746735692024231
-0.9880135655403137
-0.9739790558815002
-0.8247321248054504
-0.9820040464401245
-0.9744147062301636
-0.9271321892738342
-0.9875180125236511
-0.948499858379364
-0.9685195684432983
-0.8127821683883667
-0.9604266285896301
-0.965334415435791
-0.9787702560424805
-0.3903805613517761
-0.8828629851341248
0.9638397693634033
-0.6323946118354797
-0.94512540102005
-0.9810407161712646
-0.9395415186882019
0.9400761127471924
0.9599165320396423
0.9568312168121338
-0.7796745300292969
-0.7300251722335815
-0.8705493807792664
-0.9717176556587219
-0.7619731426239014
-0.815942108631134
-0.7369019985198975
-0.9687811136245728
-0.9127629399299622
0.9800952076911926
-0.8111265301704407
-0.5592250227928162
-0.9039138555526733
0.10415363311767578
-0.9677572846412659
-0.9145520329475403
0.9338409304618835
-0.7686473727226257
-0.9758787751197815
-0.6919937133789062
0.8896524906158447
-0.9599156379699707
-0.9143495559692383
-0.556301474571228
-0.8508253693580627
0.9788622856140137
-0.8917738199234009
-0.9581113457679749
-0.9749518036842346
-0.9789578318595886
-0.9626196026802063
-0.9822894334793091
-0.9485856294631958
-0.6771897077560425
-0.9573338627815247
-0.2392570525407791
-0.7873454093933105
-0.9824379086494446
-0.9226038455963135
-0.8791844844818115
0.9754454493522644
0.9860933423042297
-0.9057897925376892
-0.6561484336853027
0.9762737154960632
-0.922386646270752
-0.9770368933677673
-0.9229458570480347
0.7903457880020142
-0.6588735580444336
-0.9190710186958313
0.9869919419288635
-0.9743844866752625
0.9842143058776855
-0.9716922044754028
-0.9821726679801941
0.6556350588798523
-0.9541864395141602
-0.9676048755645752
0.9687234163284302
-0.9279244542121887
0.9623935222625732
-0.9624273180961609
-0.70164954662323
-0.8532050848007202
-0.9231311082839966
0.054176222532987595
-0.9778215289115906
-0.9644829630851746
0.9214145541191101
-0.38789454102516174
-0.9720823764801025
-0.9050720930099487
-0.4505567252635956
-0.9729253053665161
-0.7894797921180725
-0.9213182926177979
-0.9695928692817688
-0.9093621969223022
-0.9754930734634399
-0.9790205359458923
0.9397311210632324
0.7748653292655945
-0.8816940784454346
-0.986899197101593
-0.7061099410057068
-0.38848167657852173
-0.8002397418022156
-0.9438071250915527
-0.9044042825698853
-0.9851471185684204
-0.9838593602180481
-0.05780433863401413
-0.9873636960983276
-0.9025679230690002
-0.9801352024078369
-0.981980562210083
-0.971534788608551
-0.9800357222557068
-0.1777520477771759
-0.9512708187103271
-0.9804654121398926
-0.8159862160682678
0.9398137331008911
-0.9836094379425049
0.9823861122131348
-0.9641245603561401
-0.9526606798171997
-0.9431506991386414
-0.8517810702323914
-0.987533450126648
-0.8792470693588257
-0.7166693210601807
-0.2169080227613449
-0.9422259330749512
-0.8303014039993286
-0.9764502048492432
-0.8578506708145142
-0.9774775505065918
-0.9558123350143433
-0.9724008440971375
-0.7675025463104248
-0.7481173872947693
0.940765380859375
-0.9743517637252808
-0.9688529968261719
-0.988296389579773
-0.945629358291626
-0.9259127974510193
-0.8343619108200073
-0.9617447853088379
-0.9790229201316833
-0.7390303611755371
-0.9602351188659668
-0.9159947633743286
-0.9667354822158813
-0.9470394849777222
-0.9783766269683838
-0.8317591547966003
-0.2666482627391815
-0.824689507484436
0.8875381946563721
0.9752883911132812
-0.83333820104599
0.9834400415420532
-0.9740589261054993
-0.8924645185470581
-0.9472469091415405
-0.9401884078979492
-0.9823276400566101
-0.9444231986999512
-0.925249457359314
-0.9217416048049927
0.9890871047973633
-0.9657934308052063
-0.9149487018585205
-0.5291391015052795
-0.9855344295501709
-0.9738065600395203
-0.9902467131614685
0.6509289741516113
-0.9672846794128418
-0.9582008123397827
-0.007250193506479263
-0.9684514403343201
-0.9762467741966248
-0.9648385047912598
-0.9809591174125671
-0.984377920627594
-0.9869213700294495
-0.7862839698791504
-0.9319176077842712
-0.9869652390480042
-0.8834726810455322
-0.9787319302558899
-0.7679679989814758
-0.9826478958129883
0.7229822278022766
-0.9366540312767029
-0.9768078923225403
-0.9545806646347046
-0.9826983213424683
-0.8016952872276306
-0.919434130191803
0.16247642040252686
-0.9797792434692383
-0.38954639434814453
0.9697504043579102
1.0
-0.6511169672012329
-0.9872002005577087
-0.8989721536636353
-0.9381873607635498
-0.964651882648468
0.9365206360816956
0.7136610150337219
-0.9291733503341675
-0.9628880023956299
0.30865469574928284
-0.9701038599014282
-0.7594167590141296
0.09594466537237167
-0.9492737650871277
0.27748048305511475
-0.9660894870758057
-0.9432057738304138
-0.8926569223403931
-0.9635531902313232
-0.9141637086868286
-0.8963440656661987
-0.6286225318908691
-0.9854397177696228
-0.884676992893219
0.9842146635055542
-0.9453383088111877
-0.9184126853942871
-0.9350546598434448
-0.9773058891296387
-0.7682759761810303
-0.968510627746582
-0.9311742782592773
-0.9295321106910706
0.9669021964073181
-0.9863367080688477
-0.927423357963562
-0.8484504222869873
-0.9361779093742371
0.07695562392473221
-0.22720946371555328
-0.9439736604690552
-0.9189172983169556
-0.9831918478012085
-0.7569891810417175
-0.9400007724761963
-0.7696456909179688
-0.9804668426513672
-0.9498089551925659
0.946066677570343
-0.955946147441864
-0.9465404152870178
-0.9698821306228638
0.9351252913475037
-0.9797049760818481
0.9642095565795898
-0.9579800367355347
-0.9672073125839233
-0.9204906821250916
-0.9243040084838867
-0.9315882921218872
-0.9421693086624146
0.8129139542579651
-0.9523552060127258
-0.9666216373443604
-0.9756486415863037
0.9814938306808472
-0.9802317023277283
0.9721564054489136
-0.9651544094085693
-0.9767239093780518
-0.9299607276916504
-0.9303274154663086
-0.8819670081138611
-0.8364339470863342
0.9811486005783081
-0.9698507785797119
0.9999999403953552
0.9068326950073242
0.9865713119506836
-0.17030131816864014
0.9913971424102783
-0.9405081272125244
-0.9718748927116394
-0.9785520434379578
0.9690879583358765
-0.9858039617538452
-0.9822054505348206
-0.9647478461265564
-0.9706276655197144
-0.9569808840751648
-0.9724736213684082
-0.970191240310669
0.8905539512634277
-0.8340091705322266
0.9629977941513062
0.9680620431900024
-0.9556989669799805
-0.5951940417289734
-0.966117799282074
0.8295631408691406
0.786754310131073
-0.92471843957901
-0.9788566827774048
0.9712128639221191
-0.9812360405921936
-0.9876891374588013
-0.9750571846961975
-0.9747236967086792
-0.9695478677749634
-0.8145147562026978
0.9830489754676819
-0.9837366342544556
-0.9046865105628967
-0.9744592905044556
-0.9688467383384705
-0.9180243015289307
-0.2097107619047165
-0.9296600818634033
0.8720128536224365
-0.9772217869758606
-0.7606381773948669
-0.9901512265205383
0.46943801641464233
-0.9595952033996582
0.9183232188224792
-0.9117982983589172
-0.7981302738189697
-0.9670212268829346
-0.9780099987983704
-0.988186240196228
-0.8900503516197205
0.9105071425437927
-0.9729313254356384
-0.977394700050354
-0.49997812509536743
-0.9778729677200317
0.32435497641563416
-0.9883777499198914
-0.2548794746398926
-0.7405348420143127
-0.9810469150543213
-0.7680902481079102
0.9586678743362427
-0.9877716302871704
0.8263449668884277
-0.9691429138183594
-0.9720317125320435
-0.968613862991333
-0.9684802293777466
-0.9433623552322388
0.9656957387924194
0.9442552328109741
-0.8892884850502014
-0.9280482530593872
-0.9102915525436401
0.9531111121177673
0.9597800970077515
-0.6144675612449646
-0.9603943228721619
0.9547291994094849
-0.9705787301063538
-0.9732961058616638
-0.9705840349197388
-0.524863600730896
-0.9334797263145447
-0.17143680155277252
-0.9697557091712952
0.3162756562232971
0.9689556360244751
0.9398137331008911
0.9181957244873047
-0.9694651961326599
-0.5842276811599731
-0.9470240473747253
-0.9363741874694824
-0.9494445323944092
0.8539907336235046
-0.9240963459014893
0.5053461194038391
-0.8878546357154846
-0.9238213300704956
-0.930172324180603
-0.9788520932197571
-0.8641312718391418
-0.942040205001831
-0.9763442277908325
0.9073740839958191
-0.9843559265136719
0.9676103591918945
0.9789344668388367
-0.9092487096786499
-0.987706184387207
-0.42187607288360596
-0.03734995797276497
-0.9718788266181946
-0.2067004144191742
-0.9468238949775696
0.7744663953781128
-0.01578422263264656
-0.978245735168457
0.5531625151634216
-0.9720317125320435
-0.9354017972946167
-0.9028570055961609
-0.9854128956794739
-0.9558402299880981
-0.946995735168457
-0.9588444232940674
-0.8184669017791748
-0.9749361872673035
-0.9852685928344727
-0.9714468121528625
0.9070596694946289
-0.8321401476860046
-0.9577141404151917
-0.982872724533081
0.9356851577758789
-0.9515886902809143
0.9462466239929199
-0.716335117816925
-0.9753523468971252
-0.8637517690658569
-0.84004807472229
-0.9871113300323486
-0.8111211657524109
-0.9897511005401611
-0.9710080623626709
-0.9751648902893066
-0.9789472222328186
-0.9856537580490112
-0.9525315165519714
-0.5775305032730103
0.22235916554927826
-0.9566764831542969
-0.9524262547492981
-0.941385805606842
0.14775699377059937
0.9657878875732422
-0.6885169744491577
-0.8762991428375244
0.5117422938346863
0.9605872631072998
-0.9733141660690308
-0.664664089679718
-0.9762468338012695
-0.8173158764839172
-0.5781692266464233
-0.9696416258811951
-0.951626718044281
-0.94295334815979
-0.7356153726577759
-0.32960477471351624
-0.9702125191688538
-0.9406428337097168
-0.9778688549995422
-0.9790925979614258
-0.42327818274497986
-0.9325463771820068
-0.9025402069091797
-0.9852872490882874
-0.8524777889251709
0.7918744087219238
-0.9689393043518066
0.9608690738677979
-0.9502947330474854
0.9229271411895752
0.9800674915313721
-0.9229027032852173
-0.9243991374969482
-0.9590737819671631
-0.46797019243240356
-0.9811661243438721
0.7478100061416626
-0.9905228614807129
-0.832291841506958
0.932881236076355
-0.9082854986190796
0.9141250252723694
-0.5955530405044556
-0.9356828331947327
-0.9429081678390503
-0.9256643652915955
-0.9789415001869202
-0.8037593364715576
-0.9477673768997192
-0.9842237234115601
-0.8546928763389587
-0.8839786648750305
-0.8673381805419922
-0.9607416987419128
-0.9841133952140808
-0.7650946974754333
-0.9121787548065186
-0.7183026671409607
-0.9286764860153198
-0.9645828008651733
-0.924012303352356
0.9572737216949463
-0.7399225234985352
-0.9718382358551025
0.635558009147644
-0.9749587178230286
-0.961763322353363
0.944969654083252
-0.9847776293754578
-0.4727616310119629
-0.8052115440368652
-0.9655007719993591
0.5424372553825378
-0.5958194732666016
-0.9534923434257507
-0.9261464476585388
0.9627777338027954
-0.740050733089447
-0.9855311512947083
0.7762875556945801
-0.3287930190563202
0.9785551428794861
-0.9815998077392578
0.7482633590698242
0.9799740314483643
0.7365276217460632
0.9076783061027527
-0.8056967854499817
-0.9850267767906189
-0.9052576422691345
0.9722546339035034
-0.8494426012039185
-0.9783538579940796
0.9508224725723267
-0.9044967889785767
-0.9747054576873779
-0.9154600501060486
-0.6538825035095215
-0.9346010088920593
-0.9877951145172119
-0.7576436400413513
0.9681565165519714
-0.3966245651245117
-0.9114368557929993
0.8988584876060486
-0.9806111454963684
-0.9661964774131775
-0.9330770969390869
-0.880928635597229
0.9894833564758301
0.25733184814453125
-0.9304774403572083
0.03486304730176926
-0.9868264198303223
-0.9671788811683655
0.9898481965065002
-0.9706612229347229
0.5471301078796387
-0.9754205346107483
-0.9016886949539185
-0.9170675873756409
0.898342490196228
-0.6270962357521057
-0.9805319309234619
-0.983819842338562
0.9717926979064941
-0.8669529557228088
-0.9514145255088806
0.9670398235321045
-0.9606366753578186
-0.9830029606819153
-0.7571619749069214
0.9853095412254333
-0.9749084115028381
-0.8170335292816162
-0.9695865511894226
-0.887028157711029
-0.5696338415145874
0.9195544719696045
-0.9753910303115845
0.9765849113464355
-0.9368475675582886
-0.9048839211463928
-0.9165259599685669
-0.9891393780708313
-0.862985372543335
-0.9905877113342285
-0.7866119146347046
-0.9779212474822998
0.7353214025497437
-0.9717434644699097
0.8149009943008423
-0.9557714462280273
-0.9315321445465088
-0.21544255316257477
-0.968434751033783
0.9279202222824097
-0.7285016179084778
-0.8845037817955017
-0.15560705959796906
-0.9717450141906738
0.962195873260498
-0.41834768652915955
0.9889779090881348
-0.4799075424671173
-0.9343335032463074
-0.9246289730072021
-0.9532251954078674
-0.017144717276096344
-0.9551072120666504
-0.944442629814148
-0.9177706837654114
-0.9788455963134766
-0.9386734962463379
-0.9650894403457642
0.9711315631866455
-0.8591099381446838
0.9813902378082275
-0.918694019317627
0.3021400272846222
-0.973307728767395
-0.8267167806625366
-0.8453047871589661
-0.9734323024749756
0.942344069480896
-0.9530749917030334
-0.9849608540534973
-0.9583402276039124
-0.9875255823135376
-0.9600581526756287
-0.8522050380706787
-0.9287776947021484
-0.8066228032112122
-0.978947103023529
-0.9294534921646118
-0.8960630893707275
-0.8690245151519775
-0.9841378331184387
-0.8989124894142151
0.7929392457008362
-0.8625987768173218
0.9803304076194763
-0.9184443950653076
-0.9526261687278748
0.10276535153388977
-0.9289748072624207
-0.9139207005500793
-0.9684447050094604
-0.9487565755844116
-0.9529749155044556
-0.9909347891807556
-0.9792571067810059
-0.9337384104728699
-0.9518870115280151
-0.9836363792419434
-0.982082188129425
-0.957755982875824
-0.17844316363334656
-0.7718781232833862
-0.9048346877098083
-0.8303210735321045
-0.9659615755081177
-0.7719664573669434
-0.9500302076339722
-0.9761866927146912
-0.9850901365280151
-0.9414536952972412
-0.8624466061592102
-0.9798207879066467
-0.5095810294151306
-0.9679815769195557
-0.988213062286377
-0.950394332408905
0.9734335541725159
-0.9936059713363647
-0.9589669704437256
-0.23408909142017365
-0.9785736799240112
-0.6871318817138672
-0.921561062335968
-0.982947051525116
-0.9696698188781738
0.9543091654777527
-0.9536362886428833
-0.9816939234733582
-0.98237144947052
-0.8519489765167236
-0.7615508437156677
-0.9636107087135315
-0.840269923210144
-0.9762427806854248
-0.1548437476158142
-0.8794278502464294
-0.9304037690162659
-0.9166377186775208
-0.9463640451431274
-0.9875810146331787
-0.8567972183227539
-0.9573065042495728
0.7735962867736816
-0.976140022277832
-0.9624016880989075
-0.9505558609962463
-0.9736731648445129
-0.9655026793479919
-0.8770750164985657
0.9311808347702026
-0.9601739645004272
-0.9309168457984924
0.6064923405647278
-0.925966739654541
-0.9494301676750183
-0.9489849209785461
-0.9519045948982239
-0.9622390866279602
-0.9620486497879028
-0.7701064944267273
-0.8198942542076111
-0.8737456798553467
-0.37773868441581726
-0.6787887811660767
-0.9573029279708862
-0.9648382067680359
-0.971562922000885
-0.988619327545166
-0.9662556052207947
0.8656997680664062
0.31933051347732544
-0.9567026495933533
0.9565311074256897
-0.9795128107070923
-0.9284131526947021
-0.9355859756469727
-0.7108066082000732
-0.9849650263786316
-0.788580060005188
-0.9608421921730042
-0.919163167476654
-0.9554794430732727
0.10940863192081451
-0.9398728609085083
0.9726486802101135
-0.9697161912918091
-0.9297458529472351
-0.8598842620849609
-0.9788955450057983
-0.9630630612373352
0.4825698137283325
-0.9630367755889893
0.9703031778335571
0.38546934723854065
0.378278911113739
0.9761947393417358
-0.9256504774093628
-0.971971333026886
-0.9807071089744568
-0.9781985282897949
-0.9640772938728333
0.22777603566646576
0.9320319890975952
-0.9328249096870422
-0.956253170967102
-0.9320415258407593
-0.6040122509002686
-0.9545626640319824
-0.9255203008651733
0.9786709547042847
-0.5890479683876038
-0.6916881799697876
-0.9463528990745544
-0.9520274996757507
-0.9729886651039124
-0.9290570616722107
-0.7105940580368042
-0.6989864706993103
-0.25841718912124634
-0.9776749610900879
-0.9530550241470337
-0.38033488392829895
-0.9009866714477539
-0.9701036214828491
-0.868802011013031
-0.9578777551651001
-0.9761448502540588
-0.9715490341186523
-0.9178990125656128
-0.9298052787780762
-0.1409589648246765
-0.9829143285751343
-0.9215999841690063
0.9858287572860718
-0.9243999719619751
-0.9824459552764893
0.6291053295135498
-0.9780182242393494
-0.9300645589828491
-0.8549998998641968
-0.4421444237232208
-0.9491934776306152
-0.9750920534133911
0.6080148220062256
0.2449328899383545
-0.9661271572113037
-0.930605411529541
-0.07623180747032166
-0.974951446056366
-0.9623680114746094
-0.9689925909042358
-0.980796217918396
-0.9815347194671631
-0.9042466878890991
-0.7279677391052246
-0.9783147573471069
-0.9288572669029236
0.989577054977417
-0.9387031197547913
-0.930744469165802
-0.8532295227050781
-0.46463021636009216
-0.990227460861206
-0.9784714579582214
-0.9622873663902283
-0.845543384552002
-0.9565533399581909
0.9631710648536682
-0.9362837076187134
-0.9602713584899902
-0.906756579875946
0.9703187942504883
-0.9580812454223633
-0.9706812500953674
-0.9135196208953857
-0.8834278583526611
-0.9667339324951172
-0.9399479627609253
-0.9391517639160156
0.9318222403526306
0.9698289632797241
-0.8225600719451904
0.6455945372581482
-0.9356711506843567
-0.9018983840942383
-0.9731821417808533
-0.9846159219741821
0.5235743522644043
-0.9465382695198059
-0.15507826209068298
-0.9833736419677734
-0.0787959024310112
-0.9314613342285156
-0.6465132832527161
-0.9768046140670776
0.8790799379348755
-0.9741344451904297
-0.9185106158256531
-0.9737697839736938
-0.983538806438446
-0.9288156032562256
0.8103083968162537
-0.7538712024688721
-0.9580050110816956
-0.8017959594726562
-0.8391643762588501
-0.8473176956176758
-0.9192497730255127
-0.9773074984550476
-0.6992505788803101
-0.9847151041030884
0.9864126443862915
-0.3306722342967987
0.9275171756744385
0.6379274129867554
0.9858654141426086
-0.9853947162628174
-0.9698128700256348
-0.9348793625831604
-0.9567710161209106
0.9549860954284668
-0.9773444533348083
-0.9829092621803284
0.9913197755813599
-0.8681110143661499
-0.9741412401199341
-0.020161768421530724
0.9904766082763672
-0.9104474782943726
-0.9785580039024353
-0.4388781785964966
-0.975065290927887
-0.9851044416427612
-0.9132633805274963
-0.9767173528671265
-0.9396190643310547
-0.9065144658088684
-0.9197420477867126
-0.9510492086410522
-0.8274273872375488
-0.9833289384841919
-0.983152449131012
-0.8772995471954346
0.8551743030548096
-0.9398173093795776
0.5992658734321594
-0.9835605621337891
-0.9617282152175903
-0.9682028293609619
-0.8347233533859253
-0.98729008436203
-0.9899113178253174
-0.9364683032035828
-0.9620012640953064
-0.9559798836708069
-0.9526708126068115
-0.8327040076255798
-0.9525613188743591
-0.9789934754371643
-0.9506012797355652
-0.9672689437866211
0.7581102252006531
-0.9100426435470581
-0.9430958032608032
-0.9765775203704834
-0.9890867471694946
-0.540176510810852
-0.9727669954299927
0.9635531902313232
-0.8825239539146423
-0.9712653160095215
-0.45939552783966064
-0.9671899080276489
-0.981645405292511
-0.9106931090354919
-0.9534207582473755
-0.6897861957550049
-0.9663284420967102
-0.9337099194526672
-0.9792519807815552
-0.9726815223693848
-0.9789046049118042
-0.9761852025985718
0.9459265470504761
-0.93636155128479
0.9838870763778687
0.8596166372299194
-0.9607231616973877
0.8788425326347351
-0.9882181882858276
-0.9121557474136353
0.979753315448761
-0.930849552154541
-0.9587813019752502
-0.792144775390625
0.0948648452758789
0.9140421152114868
-0.8769401907920837
-0.866104006767273
-0.9764121770858765
-0.9632482528686523
-0.5913888812065125
-0.9787559509277344
-0.8495709896087646
0.7776095867156982
-0.7622669339179993
-0.9386234283447266
-0.8145414590835571
-0.3873630464076996
0.6275328993797302
0.9869440793991089
-0.1508561074733734
-0.9511503577232361
-0.9236319065093994
-0.9664256572723389
-0.9675816297531128
-0.9684876799583435
-0.8904456496238708
-0.9430258274078369
-0.9549207091331482
-0.9439325928688049
-0.9542521834373474
-0.9716414213180542
0.9232519865036011
-0.7937257289886475
-0.578315258026123
0.9149060249328613
-0.7612571120262146
-0.9486449956893921
-0.8921982645988464
-0.9495372772216797
-0.6144103407859802
-0.978129506111145
0.9234470129013062
-0.6481172442436218
-0.9858369827270508
-0.9365717172622681
-0.8011341094970703
-0.9547230005264282
-0.8180789947509766
-0.9198756217956543
-0.9331213235855103
-0.979184627532959
-0.6116229295730591
-0.9482204914093018
-0.9659268856048584
-0.7442471981048584
-0.9166926145553589
-0.9755472540855408
-0.9261214733123779
-0.871931254863739
-0.9643117189407349
-0.8052822947502136
-0.881939172744751
-0.9555401802062988
-0.9837953448295593
-0.9650139212608337
-0.9784664511680603
-0.936592161655426
-0.929597795009613
-0.9067642092704773
-0.8279789686203003
-0.9463000893592834
-0.9201769232749939
-0.971072793006897
-0.9678949117660522
-0.978854775428772
-0.9771336913108826
-0.9789431095123291
-0.9702004790306091
0.9376618266105652
-0.9382253885269165
0.04654717445373535
-0.9607024192810059
-0.9030265212059021
0.8871650695800781
0.9250813126564026
-0.7543526291847229
0.6260358095169067
-0.9802239537239075
-0.9416522979736328
0.923879861831665
-0.8163650035858154
-0.09981716424226761
-0.9565635919570923
-0.9441288113594055
-0.49550315737724304
-0.9769802093505859
-0.45286422967910767
-0.9299046993255615
-0.9233251810073853
0.9796834588050842
-0.9580859541893005
-0.858428418636322
-0.6922277212142944
0.9593834280967712
-0.8429152965545654
-0.960903525352478
-0.9603370428085327
-0.9714243412017822
-0.9801142811775208
-0.9812320470809937
0.9830744862556458
-0.9815244674682617
-0.9786230325698853
-0.8002755641937256
-0.9706544280052185
-0.8578709363937378
-0.9636130332946777
-0.9361998438835144
0.98573899269104
-0.9489160180091858
-0.9544457197189331
-0.9685624241828918
-0.9784352779388428
-0.7678283452987671
0.9250953197479248
-0.9828039407730103
-0.9553218483924866
-0.9836801886558533
-0.9714208841323853
-0.38172194361686707
-0.3172864615917206
-0.9466677904129028
-0.9745460152626038
0.9759973287582397
-0.9769617915153503
-0.9893049597740173
-0.9642571806907654
-0.964957594871521
-0.41136059165000916
-0.9874516129493713
-0.981490969657898
-0.9736940264701843
0.9820886850357056
-0.9755584597587585
-0.9575215578079224
-0.9710692167282104
-0.9752119779586792
-0.9745259881019592
-0.9816144704818726
-0.9741014838218689
-0.9518255591392517
-0.9690564870834351
-0.9124692678451538
-0.9858800172805786
-0.9425182938575745
-0.9344849586486816
-0.9442569613456726
0.9489808082580566
-0.752532958984375
-0.9848691821098328
0.9828964471817017
-0.5404790043830872
-0.9809988737106323
-0.8849523663520813
-0.9352722764015198
0.9734981656074524
-0.9793955087661743
0.9791417121887207
-0.28184568881988525
-0.9214738011360168
-0.9623960852622986
0.987742006778717
-0.8867335319519043
-0.6887143850326538
0.9841483235359192
-0.2628890872001648
-0.9854093194007874
0.9260221719741821
-0.964928388595581
-0.956859827041626
-0.9840933084487915
0.4777812957763672
-0.9613619446754456
-0.9011218547821045
-0.9794234037399292
-0.9638219475746155
-0.9556421041488647
0.9339423179626465
0.9745866060256958
-0.970757782459259
-0.9640035629272461
0.8469229340553284
-0.8522155284881592
-0.9599712491035461
-0.9100349545478821
-0.8814889192581177
-0.9785999059677124
-0.9787205457687378
-0.9136922359466553
0.9728868007659912
-0.9531726241111755
-0.9882510900497437
-0.9719590544700623
-0.9742369055747986
-0.9487740993499756
-0.9475255608558655
-0.9475558996200562
-0.9385793805122375
-0.9189316034317017
-0.9599568247795105
0.896411657333374
-0.9824172258377075
-0.5792630910873413
-0.9249890446662903
-0.9765687584877014
-0.9797002077102661
-0.9870996475219727
-0.8196526169776917
-0.9367362260818481
-0.951103150844574
0.9425026178359985
-0.9180894494056702
-0.7382489442825317
-0.941577672958374
-0.956275999546051
0.9652066826820374
0.9816077947616577
-0.9706283807754517
0.9523091316223145
-0.897779107093811
0.5573769211769104
0.9192537069320679
-0.9705281257629395
-0.9658384919166565
-0.9646131992340088
-0.9519891142845154
-0.9538974761962891
-0.8438938856124878
-0.8677129149436951
0.9771060943603516
-0.9774332046508789
-0.8832072615623474
-0.942872166633606
-0.9075791835784912
0.8497745990753174
-0.9543273448944092
-0.86273193359375
-0.9270996451377869
-0.9774191975593567
-0.959286630153656
-0.8700251579284668
-0.9478127956390381
-0.9760321378707886
-0.885217010974884
-0.9680849313735962
0.24331572651863098
0.5300662517547607
0.9688845276832581
0.9348657131195068
0.8987960815429688
-0.9683324694633484
-0.9856735467910767
0.9725921750068665
-0.9830437302589417
0.9756554365158081
-0.9675530195236206
0.5936926603317261
-0.6643035411834717
-0.9706963896751404
0.9496778249740601
-0.9605118632316589
-0.5129979848861694
-0.9670802354812622
-0.9481973648071289
-0.9562506675720215
-0.961190938949585
-0.8660545945167542
-0.6312143802642822
-0.9808527827262878
-0.9668273329734802
-0.12921838462352753
0.4731805622577667
-0.9684432744979858
-0.9057749509811401
0.8872129321098328
-0.9832649230957031
-0.15206648409366608
-0.9896196126937866
-0.932858943939209
-0.9796605110168457
0.9848290681838989
-0.9822284579277039
-0.8445398807525635
-0.8778557777404785
-0.4589269161224365
-0.932303786277771
0.9780140519142151
-0.9373946785926819
-0.8389506340026855
-0.9735891819000244
0.9768940210342407
0.7151927947998047
-0.6811599135398865
-0.7963206768035889
-0.8904070258140564
-0.9710279107093811
-0.8289886116981506
0.9852220416069031
-0.9166972637176514
-0.9802298545837402
0.3805195987224579
-0.983884334564209
-0.9763527512550354
-0.9553329348564148
-0.9039114117622375
-0.9336004853248596
-0.9861571192741394
-0.9764423370361328
-0.9749465584754944
0.3886539041996002
-0.9844012260437012
-0.8952591419219971
-0.8474631309509277
-0.7823023200035095
-0.9534686207771301
0.9870529174804688
-0.8939981460571289
-0.9776993989944458
-0.9701855778694153
-0.944520115852356
-0.9625253677368164
-0.09983058273792267
-0.9469571113586426
-0.9579281806945801
-0.9900748133659363
-0.9621246457099915
0.9809917211532593
-0.9844506978988647
-0.9538930058479309
0.8631280064582825
-0.9645354151725769
-0.9560247659683228
-0.9126093983650208
0.3501283526420593
-0.8835469484329224
-0.9910619258880615
-0.9839472770690918
-0.07230206578969955
-0.9117977023124695
-0.7295147776603699
-0.9648022651672363
-0.9870020747184753
0.9805352687835693
-0.6240679621696472
-0.9868727326393127
-0.7842448949813843
0.5655185580253601
-0.9669521450996399
-0.2625209093093872
-0.9252378344535828
-0.9868738055229187
-0.9475258588790894
-0.31458038091659546
-0.9757291078567505
-0.9022910594940186
-0.9195954203605652
-0.9832254648208618
