-0.9561920166015625
-0.603377103805542
-0.9226056933403015
-0.782492458820343
-0.9419116973876953
-0.8752126693725586
-0.957866907119751
-0.8708981871604919
-0.8616231679916382
-0.9141605496406555
0.9422034025192261
0.7192076444625854
-0.8779115080833435
-0.9413731098175049
-0.8953060507774353
-0.878609299659729
-0.9576315879821777
-0.9477977752685547
-0.773537814617157
-0.45195019245147705
-0.9382102489471436
-0.8003638982772827
0.7577269673347473
-0.9651980400085449
-0.9157708883285522
-0.9230495691299438
-0.8767048716545105
-0.9018035531044006
-0.934541642665863
-0.9408221244812012
-0.7029515504837036
-0.9491225481033325
-0.37358400225639343
-0.93352872133255
-0.8171504735946655
-0.9400426149368286
-0.8842268586158752
-0.8782310485839844
-0.9234473705291748
-0.9582505226135254
-0.6712727546691895
0.831352949142456
-0.8300700187683105
-0.4062134921550751
-0.9286973476409912
-0.3278096914291382
-0.9450094103813171
-0.865971565246582
-0.9071531891822815
-0.9307248592376709
-0.930435836315155
-0.8589957356452942
-0.5151801705360413
0.8409258127212524
-0.83333420753479
0.8705811500549316
-0.9127641916275024
-0.9392287731170654
-0.7963398098945618
0.9127262234687805
-0.9286739230155945
-0.9083974957466125
-0.9435612559318542
-0.9296608567237854
-0.9489871263504028
-0.8701596856117249
-0.943771243095398
-0.7442393898963928
0.09648650884628296
-0.7620059251785278
-0.8552613854408264
-0.9310488700866699
-0.9088603258132935
-0.8824552893638611
0.900851845741272
-0.9206514954566956
-0.9407475590705872
-0.9228860139846802
0.8314213156700134
-0.8179047703742981
-0.8228476047515869
0.6639255285263062
-0.9686776399612427
-0.9444390535354614
0.7018464803695679
0.6574569940567017
-0.9310182332992554
-0.9452559947967529
0.5281489491462708
-0.9589020609855652
-0.8485557436943054
-0.9344003796577454
-0.9062588810920715
-0.8558017611503601
-0.9003639221191406
-0.2779271602630615
-0.9749676585197449
-0.8824697136878967
-0.6669086813926697
-0.9157065749168396
-0.9425305128097534
-0.9262140989303589
-0.8946512341499329
-0.9421934485435486
-0.8829439282417297
-0.9583723545074463
-0.9331397414207458
-0.9056556820869446
-0.8775986433029175
-0.9340033531188965
-0.3728691339492798
-0.8676288723945618
0.5053409934043884
0.9694969654083252
0.8734330534934998
0.5014916658401489
-0.944157063961029
0.2200816571712494
-0.8477343320846558
-0.9219081401824951
0.12674832344055176
-0.9579490423202515
0.6589430570602417
-0.8663129210472107
-0.7633346915245056
-0.5175008177757263
-0.9224512577056885
-0.8937081098556519
-0.9336297512054443
-0.9081658124923706
-0.9572931528091431
0.7876447439193726
-0.9560433030128479
-0.8794448971748352
-0.953556478023529
-0.9573296904563904
0.8274416327476501
-0.7966910600662231
0.9171451330184937
-0.8578659892082214
0.6248729825019836
-0.9289122819900513
-0.9078277945518494
-0.9366469979286194
-0.8056641817092896
-0.9541401267051697
-0.8407383561134338
-0.6862077116966248
-0.9452866315841675
-0.7312848567962646
-0.9656174182891846
-0.9406376481056213
-0.9261078238487244
-0.8778963088989258
0.6521031856536865
-0.9660665988922119
-0.9073901772499084
-0.9155640602111816
-0.9346855878829956
-0.8292711973190308
0.9227601289749146
0.7638810873031616
-0.9261850118637085
-0.9339541792869568
0.39676445722579956
0.6512154340744019
-0.8938419818878174
-0.8066564798355103
0.26068204641342163
-0.7030672430992126
-0.9455943703651428
-0.9082380533218384
0.7059120535850525
-0.8936415910720825
-0.766830325126648
-0.9342321753501892
0.9184659123420715
-0.579404890537262
-0.13921287655830383
-0.8872737884521484
-0.8855971097946167
-0.9120773077011108
-0.9387195110321045
0.8821176886558533
-0.9224733114242554
-0.9401649236679077
-0.9358668923377991
-0.9435300827026367
-0.9487380385398865
-0.9283605813980103
-0.8275383114814758
-0.900180995464325
-0.9285073280334473
-0.9511826038360596
-0.9155959486961365
-0.5019659996032715
-0.9230425357818604
0.5174333453178406
-0.9277909994125366
-0.905320405960083
-0.7749019861221313
-0.9202612042427063
-0.7918019890785217
0.16420432925224304
-0.8445735573768616
-0.8942487239837646
-0.9240723848342896
-0.05755959451198578
0.46565186977386475
0.3632723093032837
-0.7856400012969971
0.8524165153503418
-0.9306168556213379
-0.9480365514755249
-0.9302432537078857
-0.051169753074645996
-0.9372970461845398
-0.8493234515190125
-0.9403449892997742
-0.949748158454895
-0.8931331038475037
-0.5202097296714783
-0.8765864372253418
-0.9450070858001709
-0.570742130279541
-0.9542589783668518
-0.8933786153793335
-0.9457042813301086
-0.7662822008132935
0.7530480027198792
-0.91738361120224
-0.8100382089614868
-0.8967081308364868
-0.8698025345802307
-0.9326268434524536
-0.948025107383728
-0.9415726065635681
-0.9213383197784424
-0.9528791904449463
-0.8646472096443176
-0.9162219762802124
-0.9298786520957947
0.3914942145347595
-0.8505187034606934
0.6055600047111511
-0.9229534268379211
-0.8155123591423035
-0.8588751554489136
0.2260526865720749
-0.37762659788131714
-0.9107641577720642
0.015283332206308842
-0.7868004441261292
0.9199749231338501
-0.9347781538963318
-0.9362736940383911
-0.40910160541534424
-0.940005362033844
-0.9065338969230652
-0.6352753043174744
-0.9280595183372498
-0.9469017386436462
-0.869251012802124
-0.8813177347183228
-0.3689822256565094
-0.7577918767929077
-0.7864444255828857
-0.9162742495536804
-0.7348845601081848
-0.7311170101165771
0.8548181653022766
-0.9459518790245056
-0.8733476400375366
-0.7711501717567444
-0.9135270714759827
-0.8406476378440857
0.18883748352527618
-0.6883096694946289
-0.9434465169906616
-0.8447756171226501
-0.21088320016860962
0.7949531674385071
-0.8451240658760071
-0.947463870048523
0.9043294191360474
-0.8243204355239868
-0.8230186700820923
-0.8726788759231567
-0.849231481552124
-0.9272546768188477
-0.7403104901313782
-0.7263517379760742
-0.14264988899230957
-0.3348695635795593
-0.10529348999261856
-0.6944186091423035
-0.901603639125824
0.8602160215377808
-0.9364616870880127
-0.8971638679504395
-0.9294647574424744
0.477961003780365
-0.9120362997055054
-0.7601804733276367
-0.9002412557601929
-0.8100211024284363
-0.7884789109230042
-0.952606201171875
-0.9503185153007507
-0.8913401365280151
-0.7935619950294495
-0.7400320768356323
-0.9105391502380371
-0.8532377481460571
-0.9065877199172974
-0.95363849401474
-0.9337351322174072
-0.8773723244667053
-0.9230492115020752
-0.8959521651268005
-0.8431788086891174
-0.9345759153366089
-0.7738902568817139
-0.835403323173523
-0.9018296599388123
-0.19126643240451813
-0.9495961666107178
-0.9698858261108398
-0.8127998113632202
-0.9378381967544556
-0.9091206192970276
-0.9371633529663086
-0.8313877582550049
-0.7132341861724854
-0.9445122480392456
0.7363896369934082
0.586334764957428
-0.9335138201713562
0.7575826644897461
-0.835953950881958
-0.8318737745285034
-0.9047183990478516
-0.7677342891693115
-0.8705379962921143
-0.7357580065727234
0.8826133012771606
-0.4680432081222534
-0.9396398067474365
-0.9044206142425537
-0.9152061939239502
0.8270714282989502
0.3650747537612915
-0.9236428737640381
-0.9480438232421875
-0.71519535779953
0.8090468645095825
-0.9117180705070496
-0.732633113861084
-0.9766086935997009
-0.9063627123832703
-0.9227935075759888
-0.5108056664466858
-0.9239053726196289
-0.9411463141441345
0.9703406095504761
-0.8375186324119568
-0.8133091926574707
-0.9065669178962708
-0.6186946630477905
-0.726405680179596
-0.7001126408576965
-0.8931424021720886
0.8671992421150208
-0.8887639045715332
-0.9294788837432861
-0.4012450575828552
0.6499416828155518
-0.903681218624115
-0.55575031042099
-0.44203269481658936
-0.9520122408866882
-0.9113945364952087
-0.9015297293663025
-0.8843830227851868
-0.9478005170822144
-0.8078137636184692
-0.7968863248825073
-0.9623101949691772
0.838316798210144
0.00046827225014567375
-0.9038686156272888
0.20124532282352448
-0.935143232345581
-0.8742971420288086
-0.7386206388473511
-0.9414474964141846
-0.8595191240310669
-0.9297919273376465
-0.5679294466972351
0.8884475231170654
-0.8181354999542236
-0.9307498931884766
0.5322681665420532
-0.8090807199478149
-0.929615318775177
-0.932072103023529
-0.9507689476013184
-0.9240325093269348
-0.9550625681877136
-0.9341752529144287
-0.9106260538101196
-0.9596498012542725
0.6286095380783081
0.9102827310562134
-0.9733786582946777
-0.8962574601173401
-0.755571186542511
-0.9300826787948608
-0.9277901649475098
-0.9457098841667175
-0.8783742189407349
-0.9349468946456909
-0.8652368783950806
-0.9346892833709717
-0.9479221701622009
-0.6559385657310486
-0.966288149356842
-0.9424525499343872
-0.9020450115203857
-0.488800585269928
-0.8891957402229309
-0.943952202796936
-0.8087353110313416
-0.9232773780822754
0.9278865456581116
-0.7487016916275024
-0.8015316128730774
-0.922038197517395
-0.9336563944816589
0.5288276672363281
-0.9261182546615601
0.9230759143829346
0.8822327852249146
-0.9637839794158936
0.6593539714813232
-0.8680762648582458
-0.9441832900047302
-0.9192909598350525
-0.8949620723724365
-0.9085127711296082
-0.943379819393158
-0.9197345972061157
0.46943506598472595
-0.8589202165603638
0.7817826867103577
-0.5841482877731323
-0.9309284687042236
-0.9190956354141235
-0.9247851967811584
-0.8917158842086792
-0.8230035901069641
-0.9152101874351501
-0.8722508549690247
-0.7592944502830505
-0.11758533120155334
0.6101270914077759
-0.9326264262199402
-0.935145378112793
-0.6506127119064331
-0.6325575113296509
-0.8553512692451477
-0.9588468074798584
-0.9288700819015503
-0.8914570808410645
-0.913416862487793
-0.7838104367256165
-0.9393360614776611
-0.7389346361160278
-0.845633327960968
-0.8790127038955688
-0.8918535709381104
0.555611252784729
-0.9562063217163086
-0.9129225015640259
-0.9488502144813538
-0.9490054845809937
-0.9392140507698059
-0.7845613360404968
-0.7658056020736694
-0.9662907123565674
-0.9259083867073059
-0.9568477869033813
-0.23468591272830963
-0.9158817529678345
-0.8858629465103149
-0.9426468014717102
0.7292137742042542
-0.9525341391563416
-0.9126972556114197
-0.9630434513092041
-0.9079258441925049
-0.9062572121620178
-0.9615496397018433
-0.7282775044441223
-0.896735429763794
-0.9541009664535522
-0.8490779995918274
-0.25761500000953674
-0.9491841197013855
-0.9531441926956177
0.7096344232559204
-0.9445761442184448
-0.9325423240661621
-0.954111635684967
-0.8004763722419739
-0.6032400131225586
-0.7144584059715271
-0.9011735916137695
-0.904445230960846
0.4003311097621918
-0.861640214920044
-0.922048807144165
-0.8726569414138794
-0.9183158874511719
-0.9027622938156128
-0.9688982963562012
-0.9284762740135193
-0.678789496421814
-0.5923243165016174
0.8436448574066162
-0.881354808807373
-0.8726587891578674
-0.8357428908348083
-0.8512756824493408
-0.871783435344696
-0.9614372253417969
-0.687043309211731
-0.8574480414390564
-0.922197163105011
-0.9588366150856018
0.8558778166770935
-0.47110962867736816
0.9019893407821655
-0.954541027545929
-0.9445286393165588
0.7962193489074707
-0.7965880036354065
-0.9058101773262024
-0.23848816752433777
-0.9153627157211304
-0.9215590953826904
0.9127771258354187
0.054916705936193466
-0.9430209398269653
-0.9026263356208801
0.939627468585968
-0.917107880115509
-0.8821300864219666
0.34897392988204956
0.8863264322280884
-0.794257640838623
-0.9609594941139221
-0.9567744731903076
-0.9074578881263733
-0.8477060198783875
-0.9173535108566284
-0.9013785123825073
-0.4351673722267151
-0.8905772566795349
-0.9507543444633484
-0.9608336687088013
-0.16985413432121277
0.40487900376319885
0.8807809948921204
-0.8952239155769348
-0.9136555790901184
-0.9017006158828735
-0.9246726632118225
-0.9509850740432739
-0.8793760538101196
-0.9439411759376526
-0.7340595722198486
0.6952608227729797
-0.49365249276161194
-0.6660570502281189
0.0926353931427002
-0.885939359664917
-0.9205681681632996
0.6694638729095459
-0.9256909489631653
-0.890852689743042
-0.8732812404632568
-0.918451726436615
-0.9477009177207947
-0.9216103553771973
-0.7012883424758911
-0.864157497882843
-0.8113695383071899
-0.9526500701904297
-0.7517859935760498
-0.943962812423706
-0.9180024266242981
0.7751196026802063
-0.9094814658164978
0.9465587139129639
-0.9689378142356873
-0.6575483083724976
-0.43299180269241333
-0.8909703493118286
-0.5965240001678467
0.7884505391120911
-0.9442390203475952
0.7340624332427979
0.959962010383606
-0.9399778842926025
-0.8449587821960449
-0.919518768787384
-0.9215797781944275
-0.9269651770591736
-0.945071816444397
0.8472155332565308
-0.9262933731079102
-0.9551868438720703
-0.7602728605270386
-0.8659602999687195
-0.5642133355140686
-0.8704900145530701
-0.9048464894294739
-0.8024616241455078
-0.9438447952270508
0.9334848523139954
-0.8973460793495178
-0.87406325340271
-0.9287027716636658
0.9614204168319702
-0.9526934027671814
-0.782683253288269
0.8523664474487305
0.46622735261917114
-0.8825483918190002
-0.8638646602630615
-0.8727443814277649
-0.8776645064353943
-0.7844258546829224
-0.9586475491523743
-0.9092226028442383
-0.513733446598053
0.8890939950942993
0.9505956172943115
0.6950980424880981
0.7488620281219482
-0.9601324796676636
-0.9644460082054138
-0.9642040729522705
0.930528461933136
-0.8678205609321594
0.95798259973526
-0.948613166809082
-0.7826124429702759
-0.8007349967956543
-0.9199095964431763
-0.8658367991447449
-0.17677024006843567
-0.2895280122756958
0.6650283932685852
0.943291425704956
-0.8443769812583923
-0.6331472396850586
0.3651547133922577
-0.9222440123558044
0.7392479181289673
-0.5181685090065002
0.7974672913551331
-0.9045986533164978
-0.945738673210144
-0.9211376309394836
-0.9478968977928162
-0.9684814810752869
-0.9106370210647583
-0.9441381692886353
-0.9485041499137878
-0.9395959377288818
-0.966300904750824
-0.8581685423851013
-0.9211209416389465
-0.5360977649688721
-0.9173052310943604
-0.912929892539978
-0.9397459030151367
0.27188965678215027
-0.5657796263694763
0.8133901357650757
-0.8323274850845337
-0.9135793447494507
-0.9106003642082214
-0.865275502204895
0.699321985244751
0.8007298111915588
0.5471618175506592
-0.7824962139129639
0.2758335471153259
-0.8524717092514038
-0.962161123752594
-0.8834593296051025
-0.730209469795227
-0.8959111571311951
-0.870637834072113
-0.6092528700828552
0.8708071112632751
-0.9296344518661499
0.13471196591854095
-0.9165301322937012
-0.42979180812835693
-0.8267548084259033
-0.8055668473243713
0.20709089934825897
-0.7899442911148071
-0.8757919073104858
-0.7128912806510925
0.3755766451358795
-0.8295210599899292
-0.9246583580970764
-0.31124526262283325
-0.9540895819664001
0.9296892881393433
-0.8232303857803345
-0.9128549098968506
-0.8113483190536499
-0.9674468040466309
-0.9539099335670471
-0.9393600821495056
-0.9199961423873901
-0.9059035778045654
-0.9252822399139404
0.2786271870136261
-0.3276031017303467
-0.9578534960746765
-0.9308559894561768
-0.8436174392700195
0.9190691709518433
0.9539799690246582
-0.04300318658351898
-0.8408149480819702
0.8935590982437134
-0.8885232210159302
-0.9173188805580139
-0.9037164449691772
0.5851482152938843
-0.4631539583206177
-0.8550138473510742
0.9476566910743713
-0.9374482035636902
0.7992120981216431
-0.9405027031898499
-0.9060720205307007
0.4621894657611847
-0.8911318778991699
-0.9485861659049988
0.8499232530593872
-0.8919152021408081
0.8184196949005127
-0.8996439576148987
-0.5812717080116272
-0.8969254493713379
-0.8187436461448669
0.22891896963119507
-0.8578765988349915
-0.9430691599845886
0.362019419670105
-0.24672985076904297
-0.9006192684173584
0.21768416464328766
-0.542205274105072
-0.8875927329063416
-0.9035894870758057
-0.9413595199584961
-0.9108026623725891
-0.7696945667266846
-0.9399828314781189
-0.9150412678718567
0.6527396440505981
0.4950162470340729
-0.9402596950531006
-0.8996357917785645
-0.46849146485328674
-0.8038516640663147
-0.9393947720527649
-0.9568926095962524
-0.9187429547309875
-0.8149738311767578
-0.9014600515365601
0.22484299540519714
-0.9798591732978821
-0.840566873550415
-0.8797178864479065
-0.9419195652008057
-0.8723269104957581
-0.9501032829284668
0.20329254865646362
-0.8204513192176819
-0.9524980783462524
-0.8988500833511353
0.8661155700683594
-0.9384382963180542
0.9122965931892395
-0.9043125510215759
-0.8995392322540283
-0.9476641416549683
-0.7154172658920288
-0.9447628855705261
-0.8853884339332581
-0.8476152420043945
-0.2979929447174072
-0.9597253799438477
-0.6871005892753601
-0.9509711265563965
-0.4769279956817627
-0.86042720079422
-0.9149417877197266
-0.9349074363708496
-0.8491007089614868
-0.7488431930541992
0.15172523260116577
-0.9308199882507324
-0.9566813707351685
-0.9590373039245605
-0.7101555466651917
-0.6697575449943542
-0.7077881693840027
-0.8939847946166992
-0.9235275387763977
-0.6462231874465942
-0.9646521806716919
-0.905298113822937
-0.9587128758430481
-0.8490755558013916
-0.9478923082351685
-0.6320080757141113
0.2978104054927826
-0.05862359702587128
0.867399275302887
0.8637967109680176
-0.5787868499755859
0.9363133311271667
-0.9745607972145081
-0.5178107619285583
-0.7389294505119324
-0.6043751239776611
-0.9515191316604614
-0.7475261092185974
-0.907419741153717
-0.955329418182373
0.9359607100486755
-0.8640782833099365
-0.7831833958625793
-0.7010143399238586
-0.9136587381362915
-0.9484511613845825
-0.9321566820144653
0.35181131958961487
-0.9189772009849548
-0.9112708568572998
-0.1592920422554016
-0.9610916376113892
-0.9429505467414856
-0.9124452471733093
-0.9140208959579468
-0.9437013864517212
-0.9146519899368286
-0.3650320768356323
-0.9371086955070496
-0.9320501685142517
-0.9103543162345886
-0.9092349410057068
-0.9229942560195923
-0.9594313502311707
0.6994055509567261
-0.9448493719100952
-0.95661461353302
-0.9202463626861572
-0.9459613561630249
-0.3246658444404602
-0.7437021732330322
-0.38679957389831543
-0.913078784942627
-0.784529983997345
0.9205108880996704
1.0
-0.720741331577301
-0.953476071357727
-0.7891303300857544
-0.9550690650939941
-0.937202513217926
0.7941544055938721
0.28068339824676514
-0.35447436571121216
-0.9220300912857056
-0.7323454022407532
-0.9172802567481995
-0.8297079205513
-0.4650375247001648
-0.9074770212173462
0.5686511397361755
-0.9088146090507507
-0.8606921434402466
-0.9341387748718262
-0.9338437914848328
-0.9457882642745972
-0.5835031867027283
-0.7981055974960327
-0.9589704275131226
-0.9417629241943359
0.8511084914207458
-0.7545769214630127
-0.9412858486175537
-0.9295846223831177
-0.9539533257484436
-0.8146986365318298
-0.7875262498855591
-0.7179756164550781
-0.7022353410720825
0.858299195766449
-0.9190828204154968
-0.8359070420265198
-0.8395825624465942
-0.7042880654335022
-0.24909035861492157
-0.4642941653728485
-0.9176521897315979
-0.635817289352417
-0.9272320866584778
-0.44014614820480347
-0.8374301791191101
-0.4282297194004059
-0.9065366387367249
-0.9203971028327942
0.8664905428886414
-0.872739315032959
-0.9230302572250366
-0.8954963684082031
0.8292120099067688
-0.9157687425613403
0.7194631099700928
-0.8945251703262329
-0.8866733312606812
-0.9239930510520935
-0.8521074056625366
-0.9358143210411072
-0.9477005004882812
0.08471310883760452
-0.8459433913230896
-0.8911511301994324
-0.7187786102294922
0.9401665329933167
-0.897142231464386
0.92314612865448
-0.9019958972930908
-0.9570432901382446
-0.7607977390289307
-0.9353172779083252
-0.7762261033058167
-0.9643464088439941
0.8729379177093506
-0.9283468723297119
1.0
0.6560876369476318
0.8983003497123718
-0.33782196044921875
0.9537254571914673
-0.9165894985198975
-0.9416406154632568
-0.8692522644996643
0.811342716217041
-0.8501643538475037
-0.9430699944496155
-0.8509472012519836
-0.9289080500602722
-0.923058271408081
-0.9376735687255859
-0.9570995569229126
0.8096230626106262
-0.8781284093856812
0.9496546387672424
0.9394816160202026
-0.9592970609664917
-0.7903950214385986
-0.952092170715332
0.2611123323440552
0.4144866466522217
-0.9393147230148315
-0.9214324951171875
0.760886549949646
-0.9442282915115356
-0.9074797630310059
-0.8746232986450195
-0.8755112290382385
-0.8686325550079346
-0.7725056409835815
0.9109756946563721
-0.8981576561927795
-0.890480101108551
-0.837192952632904
-0.9604267477989197
-0.9396228194236755
-0.6242378354072571
-0.9150935411453247
-0.3201124370098114
-0.941740095615387
-0.9099900722503662
-0.9408919811248779
0.4788201153278351
-0.907471776008606
0.79669588804245
-0.901666522026062
-0.8120923638343811
-0.9102826714515686
-0.9248622059822083
-0.9315270185470581
-0.8349206447601318
0.8131023049354553
-0.9199730157852173
-0.970018208026886
0.22211681306362152
-0.9543847441673279
-0.6337742209434509
-0.8910248875617981
-0.8843865394592285
-0.8957488536834717
-0.9403480291366577
-0.7793241739273071
0.8972179293632507
-0.9572452902793884
0.4835890531539917
-0.8650972843170166
-0.8344829082489014
-0.9387056827545166
-0.9566094875335693
-0.9083594679832458
0.8653969764709473
0.7460795044898987
-0.8435084819793701
-0.7383376359939575
-0.8464115262031555
0.7577381134033203
0.8842087388038635
-0.6149266958236694
-0.9449014663696289
0.8305985927581787
-0.8473155498504639
-0.8960660099983215
-0.9485801458358765
-0.720840573310852
-0.9464413523674011
-0.30449068546295166
-0.9456899166107178
-0.6440856456756592
0.9073015451431274
0.8661155700683594
0.8176809549331665
-0.9196617007255554
-0.5808871388435364
-0.38801002502441406
-0.7808768153190613
-0.7207274436950684
0.8101518154144287
-0.8980948328971863
-0.8046352863311768
-0.7814685106277466
-0.8734495043754578
-0.9392302632331848
-0.8446532487869263
-0.772818922996521
-0.9486367702484131
-0.9191110730171204
0.654634952545166
-0.9082277417182922
0.8766250014305115
0.7477750778198242
-0.9117014408111572
-0.9395211935043335
-0.6979871392250061
0.08307372033596039
-0.9541656970977783
-0.5254815816879272
-0.9504846334457397
-0.0595611035823822
-0.18761420249938965
-0.9406578540802002
0.6111352443695068
-0.9488591551780701
-0.8794348239898682
-0.8616973757743835
-0.9601881504058838
-0.9256702065467834
-0.9292077422142029
-0.9382563233375549
-0.8825254440307617
-0.954150915145874
-0.9612514972686768
-0.9432774186134338
0.7248610854148865
-0.9448647499084473
-0.7734457850456238
-0.9282808899879456
0.8232207298278809
-0.8113173842430115
-0.17229071259498596
-0.48642298579216003
-0.9346561431884766
-0.6793110966682434
-0.7537123560905457
-0.9685827493667603
-0.8439566493034363
-0.9281015396118164
-0.9324207901954651
-0.9468492269515991
-0.9007854461669922
-0.973303496837616
-0.9358587265014648
-0.43013206124305725
-0.6724402904510498
-0.9327927231788635
-0.9560517072677612
-0.6968408823013306
-0.3030526638031006
0.8979328274726868
-0.6584129333496094
-0.8473216891288757
0.4646817147731781
0.7482176423072815
-0.9554333686828613
-0.8799344301223755
-0.9258249998092651
-0.9046332836151123
-0.441578209400177
-0.9463995099067688
-0.9283345937728882
-0.7652352452278137
-0.881696343421936
-0.44479015469551086
-0.9514844417572021
-0.9240565299987793
-0.9164193272590637
-0.8989720940589905
-0.4553002715110779
-0.950053334236145
-0.9607126712799072
-0.9656174182891846
-0.936548113822937
-0.019534548744559288
-0.9382283687591553
0.9095466136932373
-0.956386148929596
0.6758375763893127
0.9131045937538147
-0.8545353412628174
-0.9106384515762329
-0.9581801891326904
-0.6813533902168274
-0.9231398105621338
0.19680529832839966
-0.96529221534729
-0.909850001335144
0.7069944739341736
0.05050217732787132
0.8255956172943115
-0.5637938976287842
-0.8654597401618958
-0.9654619097709656
-0.8011443614959717
-0.922594428062439
-0.6230471730232239
-0.4867989122867584
-0.9272972345352173
-0.8562478423118591
-0.9434391856193542
-0.8776614665985107
-0.8822140097618103
-0.9466345310211182
-0.856560230255127
-0.9138005375862122
-0.8670331835746765
-0.8909440636634827
-0.9352350831031799
-0.8235636353492737
0.7992061972618103
-0.8938537240028381
-0.9343718886375427
-0.2949255108833313
-0.9235106706619263
-0.8663855195045471
0.7433620691299438
-0.9468461871147156
-0.42905905842781067
-0.9407824277877808
-0.9272919297218323
0.35977259278297424
-0.49622273445129395
-0.8783496022224426
-0.9602869749069214
0.7860223054885864
-0.6178333163261414
-0.9559915661811829
0.29735004901885986
-0.7493221163749695
0.8424760699272156
-0.9407404065132141
0.5568944811820984
0.9288166761398315
0.016721967607736588
0.7810181379318237
-0.8772724866867065
-0.9529527425765991
-0.7426257729530334
0.9448552131652832
-0.5051242113113403
-0.9443433880805969
0.9375208616256714
-0.8888145685195923
-0.9505437612533569
-0.8895407915115356
-0.7831105589866638
-0.9538553357124329
-0.9345533847808838
-0.8045852184295654
0.8665267825126648
-0.7675477266311646
-0.8628688454627991
0.6382187008857727
-0.9345476627349854
-0.9166772961616516
-0.8023755550384521
-0.9577476978302002
0.9171618223190308
-0.4693985879421234
-0.8335742950439453
-0.5418931841850281
-0.9308539628982544
-0.9274213910102844
0.9601538777351379
-0.9036316871643066
0.18994581699371338
-0.9670621156692505
-0.8735088109970093
-0.9369555711746216
0.5488661527633667
0.2693557143211365
-0.9492294788360596
-0.9628744125366211
0.8487725257873535
-0.777915358543396
-0.939106822013855
0.8830670714378357
-0.9253058433532715
-0.9621899724006653
-0.9179016947746277
0.9156560897827148
-0.9465799331665039
-0.865129828453064
-0.9579193592071533
-0.7299179434776306
-0.33179259300231934
0.08556186407804489
-0.9551442861557007
0.9280324578285217
-0.848418116569519
-0.876408040523529
-0.8911134004592896
-0.9373915791511536
-0.6592528223991394
-0.9476556777954102
-0.39684492349624634
-0.9515230059623718
0.6844330430030823
-0.9062768220901489
0.6257942318916321
-0.8660369515419006
-0.9113997220993042
-0.7783660292625427
-0.9204420447349548
0.8428937196731567
-0.837090790271759
-0.9387463927268982
-0.24715398252010345
-0.9669626951217651
0.760534405708313
-0.7692080140113831
0.9183212518692017
-0.7035263776779175
-0.6630493998527527
-0.9566206932067871
-0.6649442315101624
-0.240340918302536
-0.85062575340271
-0.7731306552886963
-0.9246352314949036
-0.9560526609420776
-0.9476640224456787
-0.9612711071968079
0.9094630479812622
-0.9016916751861572
0.7435933351516724
-0.8792683482170105
0.4603649377822876
-0.9330424070358276
-0.780329704284668
-0.8344526290893555
-0.56876140832901
0.8689389228820801
-0.8846346139907837
-0.9273223876953125
-0.25716596841812134
-0.9576458930969238
-0.795072078704834
-0.2749553620815277
-0.8381919860839844
-0.7044063210487366
-0.9361403584480286
-0.8816351890563965
-0.8860737085342407
-0.3888441324234009
-0.9151312112808228
-0.8403959274291992
0.1867554783821106
-0.8032584190368652
0.9043421745300293
-0.8699605464935303
-0.8699311017990112
-0.28379571437835693
-0.9384815692901611
-0.8439223766326904
-0.9685195684432983
-0.944756269454956
-0.8327149152755737
-0.9657079577445984
-0.9521695375442505
-0.9268131256103516
-0.8649542331695557
-0.9550076723098755
-0.9725372791290283
-0.7397196888923645
-0.4340115785598755
-0.9072096943855286
-0.9707876443862915
-0.6993049383163452
-0.7661676406860352
0.0467664934694767
-0.9075242877006531
-0.9576119184494019
-0.9104328155517578
-0.9185762405395508
-0.8804237842559814
-0.9119440317153931
-0.8532139658927917
-0.9371181130409241
-0.9398205876350403
-0.8634417057037354
0.9035736918449402
-0.9693074226379395
-0.9356440305709839
-0.5859847664833069
-0.9330747127532959
-0.858199417591095
-0.9232534170150757
-0.9371216297149658
-0.9331368803977966
0.8779032826423645
-0.8425886631011963
-0.9411709308624268
-0.9405574202537537
-0.8536253571510315
-0.8674981594085693
-0.9522538185119629
-0.8038923740386963
-0.859758198261261
-0.35431280732154846
-0.9254471659660339
-0.8795169591903687
-0.8602584600448608
-0.9215547442436218
-0.9713993072509766
-0.8769603967666626
-0.883291482925415
0.6917394399642944
-0.9489722847938538
-0.9325390458106995
-0.533849835395813
-0.9315207600593567
-0.8899558782577515
-0.5676677227020264
0.8723276853561401
-0.9051079750061035
-0.9501955509185791
0.1459222286939621
-0.9164283871650696
-0.9517077207565308
-0.9173436760902405
-0.9111322164535522
-0.9419815540313721
-0.9159188270568848
-0.7297340631484985
-0.08437524735927582
-0.6816922426223755
-0.6918706893920898
-0.8224837183952332
-0.9467211961746216
-0.9180464744567871
-0.864333987236023
-0.9325922131538391
-0.9352433681488037
-0.7057796120643616
0.07377687841653824
-0.8949140310287476
0.707716703414917
-0.8867858648300171
-0.9564002752304077
-0.8698345422744751
-0.875800609588623
-0.8684040307998657
-0.873815655708313
-0.8691803216934204
-0.9133238196372986
-0.9364792108535767
-0.5606374740600586
-0.9008859395980835
0.6212518215179443
-0.9436260461807251
-0.6570008993148804
-0.9017811417579651
-0.9563581347465515
-0.9615994095802307
-0.03632841259241104
-0.8766486644744873
0.8705459237098694
-0.7312831282615662
0.10882735997438431
0.873767614364624
-0.8783215284347534
-0.9048012495040894
-0.9212232828140259
-0.9419906735420227
-0.9232097864151001
0.7124619483947754
0.6192761659622192
-0.9215463399887085
-0.9389017820358276
-0.5773797631263733
-0.7392026782035828
-0.8844237327575684
-0.8698594570159912
0.8827322125434875
-0.12392620742321014
-0.7755172252655029
-0.9151402115821838
-0.9526494741439819
-0.8707489967346191
-0.9120060801506042
-0.6693177819252014
0.22851738333702087
-0.43379589915275574
-0.9490050077438354
-0.9033573865890503
-0.412322461605072
-0.8505473732948303
-0.8498213887214661
-0.9495457410812378
-0.8269476890563965
-0.9162285923957825
-0.8252821564674377
-0.800724983215332
-0.6675401329994202
0.2774006426334381
-0.937576174736023
-0.7381480932235718
0.9641165733337402
-0.9213945269584656
-0.8955074548721313
0.13949845731258392
-0.9429516792297363
-0.9373523592948914
-0.8831560015678406
-0.11300790309906006
-0.9409807324409485
-0.9562352895736694
0.3445785939693451
-0.04692572355270386
-0.9501071572303772
-0.8962538242340088
-0.02536347135901451
-0.9466492533683777
-0.5070155262947083
-0.8696758151054382
-0.959561824798584
-0.9061398506164551
-0.6511475443840027
-0.8900708556175232
-0.9313299059867859
-0.8360080718994141
0.8845013976097107
-0.8687853217124939
-0.8981306552886963
-0.7900831699371338
-0.8011418581008911
-0.9318344593048096
-0.9029654264450073
-0.9037830829620361
-0.9389806389808655
-0.9087672829627991
0.9192652702331543
-0.916999101638794
-0.8894640803337097
-0.9278490543365479
0.6332305669784546
-0.9345371127128601
-0.9497620463371277
-0.8638584613800049
-0.656710684299469
-0.9422228336334229
-0.8943832516670227
-0.8548094034194946
0.8471062779426575
0.7952240109443665
-0.8534131646156311
-0.5815786123275757
-0.8301984667778015
-0.48267921805381775
-0.9327406883239746
-0.9296561479568481
0.15793974697589874
-0.8630445003509521
0.07732652127742767
-0.906401515007019
0.003568217158317566
-0.9065316915512085
0.16053707897663116
-0.9158656001091003
0.7305455207824707
-0.9410377740859985
-0.8619656562805176
-0.8749441504478455
-0.9344292879104614
-0.9171047806739807
0.6200301647186279
-0.8579095005989075
-0.9339792728424072
-0.5618197321891785
-0.7790663838386536
-0.905680775642395
-0.9063480496406555
-0.895010232925415
-0.9232809543609619
-0.949267566204071
0.9496681690216064
-0.5391162037849426
0.6649351119995117
-0.0351577028632164
0.9319847226142883
-0.9325588941574097
-0.9301874041557312
-0.8420504927635193
-0.6727721095085144
0.8954471945762634
-0.9479904174804688
-0.9675111770629883
0.9440559148788452
-0.9108041524887085
-0.92238450050354
-0.37284785509109497
0.8957902193069458
-0.8334472179412842
-0.9485938549041748
-0.729937732219696
-0.9367374777793884
-0.9056048393249512
-0.8690188527107239
-0.9391247630119324
-0.9205922484397888
-0.8470393419265747
-0.7551443576812744
-0.8960715532302856
-0.8512740135192871
-0.9061594009399414
-0.9364476203918457
-0.9074510931968689
0.5060895681381226
-0.9472346901893616
-0.6544610261917114
-0.95406574010849
-0.9541021585464478
-0.90081787109375
-0.6663519740104675
-0.9538183808326721
-0.9476596713066101
-0.8988251090049744
-0.7282153964042664
-0.8273383378982544
-0.8893298506736755
-0.8354206681251526
-0.9596818089485168
-0.9064253568649292
-0.9523447155952454
-0.8546374440193176
0.09928549081087112
-0.9434285163879395
-0.7908155918121338
-0.9272899627685547
-0.9346807599067688
-0.7859814763069153
-0.908300518989563
0.9313862323760986
-0.9298256635665894
-0.9686532020568848
-0.9015702605247498
-0.660078763961792
-0.9122503995895386
-0.4338749051094055
-0.8987886309623718
-0.626936137676239
-0.9307652711868286
-0.9396728873252869
-0.8962116241455078
-0.9271458983421326
-0.8999375104904175
-0.9286068677902222
0.750413715839386
-0.939000129699707
0.8963708877563477
0.6760373115539551
-0.9228121042251587
0.6633104681968689
-0.957463264465332
-0.7235203385353088
0.8351168036460876
-0.8478922843933105
-0.8676722645759583
-0.23602968454360962
-0.4010866582393646
0.09796550124883652
-0.5495290756225586
-0.7311234474182129
-0.920514702796936
-0.9095843434333801
-0.6088817119598389
-0.9107615947723389
-0.8212155103683472
0.4174066185951233
-0.6829738616943359
-0.8282530307769775
-0.9047331809997559
-0.698563277721405
0.5076314210891724
0.926715612411499
-0.20183032751083374
-0.7235469818115234
-0.9327989816665649
-0.839606523513794
-0.9637608528137207
-0.9507734775543213
-0.9136345982551575
-0.5821936726570129
-0.9437565803527832
-0.895878791809082
-0.7739722728729248
-0.952012836933136
0.7196170687675476
-0.7860220670700073
-0.4197857975959778
0.45043203234672546
-0.8846190571784973
-0.7735869884490967
-0.4929993152618408
-0.9060893654823303
-0.7663537859916687
-0.9354956150054932
0.841205358505249
-0.8374534249305725
-0.914148211479187
-0.9297018051147461
-0.8276159167289734
-0.9349222183227539
-0.9174932837486267
-0.8735859394073486
-0.8555377721786499
-0.8889465928077698
-0.7576823234558105
-0.925358235836029
-0.9435728788375854
-0.8750653862953186
-0.9024758338928223
-0.9474859833717346
-0.8346276879310608
-0.9238397479057312
-0.9492769837379456
-0.7575591206550598
-0.9098113775253296
-0.888716995716095
-0.8939704298973083
-0.9120150804519653
-0.9141897559165955
-0.7464134693145752
-0.8358083367347717
-0.7314857840538025
-0.9440273642539978
-0.9635781645774841
-0.9174935221672058
-0.9319244623184204
-0.9365056157112122
-0.9228202104568481
-0.9037930965423584
-0.8531534671783447
-0.8723477721214294
0.8529561758041382
-0.9093589186668396
0.3747190833091736
-0.9443692564964294
-0.8054026365280151
0.8793524503707886
0.5994740724563599
-0.6162366271018982
0.07921963185071945
-0.9486461877822876
-0.9338182806968689
0.8771086931228638
-0.8486665487289429
-0.3926007151603699
-0.6673043370246887
-0.9257467985153198
-0.6776633858680725
-0.9582086801528931
-0.75865638256073
-0.8743705153465271
-0.9545434713363647
0.8942959308624268
-0.9350223541259766
-0.7164556384086609
-0.9387067556381226
0.89914470911026
-0.6084534525871277
-0.8862078785896301
-0.8196825385093689
-0.8464107513427734
-0.9566418528556824
-0.9426029324531555
0.9406669735908508
-0.9162400364875793
-0.9432296752929688
-0.6765026450157166
-0.9359543323516846
-0.7019945979118347
-0.8809903264045715
-0.8545041084289551
0.936778724193573
-0.824820339679718
-0.9551098346710205
-0.7726851105690002
-0.9390870332717896
-0.8402989506721497
0.5337633490562439
-0.9454480409622192
-0.7438925504684448
-0.9088242053985596
-0.9352484345436096
-0.35715240240097046
-0.6800495386123657
-0.9330465793609619
-0.8997330069541931
0.8767383098602295
-0.8945513367652893
-0.9443331956863403
-0.6813044548034668
-0.8713891506195068
-0.93129563331604
-0.93596351146698
-0.9342612624168396
-0.9512068033218384
0.9500923156738281
-0.9392354488372803
-0.9346832036972046
-0.9307883381843567
-0.9279035329818726
-0.9546707272529602
-0.8786947727203369
-0.8280677199363708
-0.928881049156189
-0.9408560395240784
-0.8978551626205444
-0.9244917035102844
-0.7136087417602539
-0.8803149461746216
-0.9480277299880981
0.9188149571418762
-0.7830067276954651
-0.9527957439422607
0.9265503287315369
-0.7054182887077332
-0.950185239315033
-0.8429271578788757
-0.8981474041938782
0.8744646310806274
-0.873601496219635
0.9112337827682495
-0.39678388833999634
-0.9337867498397827
-0.8456937670707703
0.942434549331665
-0.9644078612327576
-0.6363669633865356
0.9741426110267639
-0.8042744994163513
-0.9407533407211304
0.7718996405601501
-0.8957822322845459
-0.9454426169395447
-0.9335998296737671
0.3003442585468292
-0.8263064026832581
-0.7631261944770813
-0.927800178527832
-0.9570426940917969
-0.9392151236534119
0.7901604175567627
0.9223633408546448
-0.956963062286377
-0.9013918042182922
0.7461054921150208
-0.8727871179580688
-0.9061895608901978
-0.9493057131767273
-0.4688819348812103
-0.9196416735649109
-0.8936358690261841
-0.8156899213790894
0.920849084854126
-0.8637255430221558
-0.9423620104789734
-0.8600844144821167
-0.9098023772239685
-0.8940842151641846
-0.915686845779419
-0.9330671429634094
-0.8126598000526428
-0.7509667873382568
-0.801825761795044
0.7104535698890686
-0.9028910994529724
-0.7030391693115234
-0.8945439457893372
-0.9639776349067688
-0.9101971387863159
-0.9644513130187988
-0.5154411196708679
-0.8539633750915527
-0.6198959350585938
0.8289341926574707
-0.9224545359611511
-0.5205756425857544
-0.924871563911438
-0.8880625367164612
0.943102240562439
0.8407652378082275
-0.9044405817985535
0.9070796966552734
-0.8715682029724121
0.042290326207876205
0.6199100017547607
-0.9470186829566956
-0.8902572989463806
-0.8881663680076599
-0.9360178112983704
-0.9289028644561768
-0.7312114238739014
-0.8671795129776001
0.8938109278678894
-0.9566235542297363
-0.5204612016677856
-0.8891406655311584
-0.8385403156280518
0.4930168390274048
-0.6950181722640991
-0.6404637098312378
-0.8222954273223877
-0.9238790273666382
-0.9347327947616577
-0.8244232535362244
-0.9200126528739929
-0.9445318579673767
-0.4543844759464264
-0.9172744154930115
-0.26462894678115845
0.08431951701641083
0.8718820214271545
0.8666473627090454
0.8101409673690796
-0.8802064657211304
-0.8809985518455505
0.9062570333480835
-0.9562785625457764
0.9453222751617432
-0.9595907926559448
0.37880825996398926
-0.6785629987716675
-0.9167349934577942
0.5450243353843689
-0.9370533227920532
-0.6095225214958191
-0.9408361911773682
-0.8716492652893066
-0.9195654392242432
-0.9677782654762268
-0.9256376624107361
0.16898608207702637
-0.9325851798057556
-0.931983470916748
-0.7025146484375
-0.04030308127403259
-0.8563776016235352
-0.9283396601676941
0.7633899450302124
-0.9548395872116089
-0.681838870048523
-0.9204905033111572
-0.7485776543617249
-0.9378114342689514
0.9320858120918274
-0.90521240234375
-0.5844488143920898
-0.7586601376533508
-0.3266542851924896
-0.8539953231811523
0.8717895746231079
-0.845548152923584
-0.8892074823379517
-0.9609156847000122
0.9529916048049927
-0.07950952649116516
-0.8648472428321838
-0.5999229550361633
-0.6676841378211975
-0.9044747352600098
-0.3101409375667572
0.9278978109359741
-0.8041961193084717
-0.9313307404518127
0.49147501587867737
-0.9337626099586487
-0.9370808601379395
-0.8645110726356506
-0.9114525318145752
-0.9440761208534241
-0.9434772729873657
-0.9272868633270264
-0.9177505970001221
-0.008969465270638466
-0.8821123242378235
-0.6026639938354492
-0.9440572261810303
-0.8232662081718445
-0.8952931761741638
0.9096906185150146
-0.9236552119255066
-0.9369224905967712
-0.8681686520576477
-0.6717692017555237
-0.9451474547386169
0.6667737364768982
-0.8262662291526794
-0.9241273403167725
-0.9430851936340332
-0.9686978459358215
0.8909751176834106
-0.9190335273742676
-0.96220463514328
0.769601583480835
-0.7958011627197266
-0.5962804555892944
-0.6855283975601196
0.37141430377960205
-0.8649737238883972
-0.9733108282089233
-0.9441522359848022
-0.5429107546806335
-0.9695326685905457
-0.9035584926605225
-0.8505972027778625
-0.9565944671630859
0.8536144495010376
-0.7481475472450256
-0.9595950841903687
-0.7687327265739441
0.10287518054246902
-0.6431622505187988
-0.7978848814964294
-0.6876457333564758
-0.938723623752594
-0.9425480365753174
-0.41385191679000854
-0.9167236685752869
-0.9050908088684082
-0.9060378670692444
-0.9351140260696411
