-0.9660761952400208
-0.578071117401123
-0.9170746803283691
-0.8324334025382996
-0.9630639553070068
-0.9571548700332642
-0.9696133136749268
-0.9143450260162354
-0.9218593835830688
-0.9222021102905273
0.9156615138053894
0.7845582962036133
-0.8929461240768433
-0.958528995513916
-0.9389885663986206
-0.9275106191635132
-0.9687178730964661
-0.9727283716201782
-0.879751980304718
-0.4335346221923828
-0.9705835580825806
-0.7425136566162109
0.8192948698997498
-0.9838720560073853
-0.8347914218902588
-0.9351567029953003
-0.9272549152374268
-0.9129563570022583
-0.9335214495658875
-0.928525984287262
-0.7461681962013245
-0.9623067378997803
-0.03519376367330551
-0.9308427572250366
-0.8552963733673096
-0.9559975862503052
-0.9308204054832458
-0.9341292381286621
-0.9145494103431702
-0.9661954641342163
-0.7582603693008423
0.8982791304588318
-0.8351508378982544
-0.5881386995315552
-0.9421861171722412
-0.501713216304779
-0.9613119959831238
-0.8967053294181824
-0.9111130833625793
-0.9128119945526123
-0.9342908263206482
-0.9385075569152832
-0.7521108388900757
0.9066336750984192
-0.8899534344673157
0.9133051037788391
-0.9614793658256531
-0.9372279644012451
-0.775417685508728
0.9273667335510254
-0.9507368803024292
-0.9298880100250244
-0.9752531051635742
-0.9526571035385132
-0.95826655626297
-0.9261777400970459
-0.9742946028709412
-0.8246342539787292
-0.07248647511005402
-0.873224139213562
-0.8342688083648682
-0.9324512481689453
-0.9329262971878052
-0.854127049446106
0.939974308013916
-0.950058102607727
-0.9170680046081543
-0.9706977009773254
0.9324297904968262
-0.8832285404205322
-0.9107256531715393
0.6032014489173889
-0.9708828926086426
-0.9697380661964417
0.639870285987854
0.7606066465377808
-0.9329640865325928
-0.9546546936035156
0.6872392892837524
-0.9695940017700195
-0.9146407842636108
-0.9436767101287842
-0.9329914450645447
-0.8683763742446899
-0.9382426738739014
-0.4668007493019104
-0.9691107273101807
-0.9093959927558899
-0.7671893239021301
-0.945959210395813
-0.9709746241569519
-0.9309845566749573
-0.9258355498313904
-0.9722642302513123
-0.9126903414726257
-0.9663959741592407
-0.9632685780525208
-0.9378318786621094
-0.920061469078064
-0.9433654546737671
-0.34630265831947327
-0.8970848321914673
0.5889775156974792
0.9509748220443726
0.8692069053649902
0.6546430587768555
-0.9702043533325195
0.009306157007813454
-0.9018452763557434
-0.954742431640625
0.644599199295044
-0.9538054466247559
0.8191615343093872
-0.9200317859649658
-0.6821912527084351
-0.7022668123245239
-0.9297225475311279
-0.8995355367660522
-0.9614316821098328
-0.9440466165542603
-0.9770784378051758
0.6887144446372986
-0.9744885563850403
-0.9140657186508179
-0.9617577791213989
-0.9524596333503723
0.8726190328598022
-0.7827820181846619
0.9393618106842041
-0.9226147532463074
0.7204965949058533
-0.9381234645843506
-0.9444698691368103
-0.9633477926254272
-0.8555199503898621
-0.9754530787467957
-0.8464936017990112
-0.556970477104187
-0.9482426643371582
-0.8087292313575745
-0.9706235527992249
-0.9644219875335693
-0.9475948810577393
-0.9178833365440369
0.6503012776374817
-0.9856299161911011
-0.9356376528739929
-0.9200200438499451
-0.9619783163070679
-0.8958032131195068
0.9408951997756958
0.9153226017951965
-0.8608627319335938
-0.9499460458755493
0.6376722455024719
0.6126618981361389
-0.9556597471237183
-0.8655415773391724
-0.044982098042964935
-0.7584814429283142
-0.9632371068000793
-0.9268289804458618
0.7011699080467224
-0.9130231142044067
-0.8546060919761658
-0.9600291848182678
0.88720703125
-0.7439043521881104
-0.3261603116989136
-0.9510020017623901
-0.864676833152771
-0.9271183013916016
-0.9439089298248291
0.9318100214004517
-0.9424797892570496
-0.9454188346862793
-0.9553478360176086
-0.9616259336471558
-0.9549461603164673
-0.9559687376022339
-0.820671796798706
-0.938020646572113
-0.9566749334335327
-0.9457238912582397
-0.9492899179458618
-0.7307882905006409
-0.9400797486305237
0.18187686800956726
-0.9424821734428406
-0.9318794012069702
-0.8950597643852234
-0.9410918951034546
-0.776394248008728
-0.31154996156692505
-0.8491289019584656
-0.6385517716407776
-0.9334585666656494
-0.023049896582961082
0.06018272414803505
-0.09055019915103912
-0.8113591074943542
0.828342080116272
-0.9620914459228516
-0.9489907026290894
-0.9616236090660095
-0.30086857080459595
-0.9753392934799194
-0.9420194625854492
-0.9436536431312561
-0.9437509775161743
-0.9352607727050781
-0.7218964695930481
-0.9241350293159485
-0.9714840054512024
-0.7072908878326416
-0.9743691682815552
-0.8564419746398926
-0.9566259384155273
-0.7761868238449097
0.7390797734260559
-0.9388104677200317
-0.9019665718078613
-0.9277181625366211
-0.9494736790657043
-0.9702979326248169
-0.9724544286727905
-0.9421087503433228
-0.9563909769058228
-0.9618233442306519
-0.860777735710144
-0.9338441491127014
-0.9476247429847717
0.601972222328186
-0.8951596617698669
0.7059106230735779
-0.8956778645515442
-0.9012958407402039
-0.9419757127761841
0.04259083420038223
-0.38736599683761597
-0.9423595666885376
-0.22460412979125977
-0.8595939874649048
0.878551185131073
-0.9583726525306702
-0.9411165714263916
-0.579548716545105
-0.958324134349823
-0.9279270768165588
-0.6652902960777283
-0.9429647922515869
-0.9663305282592773
-0.936390221118927
-0.9478330612182617
-0.2543744742870331
-0.7104731798171997
-0.9095691442489624
-0.9490070343017578
-0.8268482089042664
-0.8002321720123291
0.8586200475692749
-0.9646985530853271
-0.9041038751602173
-0.8966549634933472
-0.9527669548988342
-0.8982718586921692
0.043023038655519485
-0.8036796450614929
-0.9681311845779419
-0.8690544962882996
-0.3790820837020874
0.6859737038612366
-0.9036858677864075
-0.9459293484687805
0.9035128951072693
-0.8716381788253784
-0.886913537979126
-0.9285069108009338
-0.9063985347747803
-0.9689732193946838
-0.8256853222846985
-0.8579806089401245
0.05574189871549606
-0.40737080574035645
0.14868323504924774
-0.8303813934326172
-0.943425178527832
0.8902938961982727
-0.9540506601333618
-0.9100779294967651
-0.943740963935852
0.5416945815086365
-0.9443402290344238
-0.6897251009941101
-0.9115498661994934
-0.8540226221084595
-0.7354089617729187
-0.967715322971344
-0.9687715172767639
-0.9275873899459839
-0.8609165549278259
-0.8431771397590637
-0.9352884292602539
-0.9302191138267517
-0.936618983745575
-0.9651867151260376
-0.9637879133224487
-0.8153806328773499
-0.923340916633606
-0.923532247543335
-0.8495890498161316
-0.9495252370834351
-0.7648007273674011
-0.8730010986328125
-0.9136889576911926
-0.4144670069217682
-0.9638320803642273
-0.978828489780426
-0.7828024625778198
-0.9554716944694519
-0.9297100901603699
-0.9465937614440918
-0.843407154083252
-0.7769560813903809
-0.9479543566703796
0.776099681854248
0.6897266507148743
-0.9302660226821899
0.855844259262085
-0.8787478804588318
-0.868156909942627
-0.940250039100647
-0.7956783175468445
-0.8925067186355591
-0.8441843390464783
0.9269196391105652
-0.5304465293884277
-0.9579584002494812
-0.9353840351104736
-0.9510027766227722
0.865444540977478
-0.09967291355133057
-0.9514926671981812
-0.9682227373123169
-0.8121177554130554
0.7541414499282837
-0.9649267792701721
-0.872811496257782
-0.9821032285690308
-0.9182538390159607
-0.9396021366119385
-0.7268548011779785
-0.9469406604766846
-0.9531491994857788
0.9763597249984741
-0.8270555138587952
-0.8802725076675415
-0.9521908760070801
-0.7423561811447144
-0.841600239276886
-0.7445619106292725
-0.8656567931175232
0.8947610259056091
-0.918099582195282
-0.9386623501777649
-0.5753160119056702
0.696686863899231
-0.906449556350708
-0.709535539150238
-0.6931824088096619
-0.9530172348022461
-0.9458433389663696
-0.9452191591262817
-0.9307701587677002
-0.9683183431625366
-0.8995081782341003
-0.668144941329956
-0.9668539762496948
0.8484570384025574
0.16775426268577576
-0.9461894035339355
-0.5142795443534851
-0.9650718569755554
-0.8448297381401062
-0.800539493560791
-0.966785728931427
-0.9010596871376038
-0.9547048807144165
-0.5441857576370239
0.9243721961975098
-0.9305129051208496
-0.9639699459075928
0.7851015329360962
-0.847995400428772
-0.954186201095581
-0.9590740203857422
-0.9574530720710754
-0.9601255655288696
-0.961785078048706
-0.9499742388725281
-0.9298913478851318
-0.9833706617355347
0.8560580015182495
0.9375789761543274
-0.9647216200828552
-0.9194002151489258
-0.8255127668380737
-0.9523472189903259
-0.9358205199241638
-0.9432947635650635
-0.9077805876731873
-0.9575827121734619
-0.8222466707229614
-0.9583180546760559
-0.9728237390518188
-0.6912837028503418
-0.9603525400161743
-0.9603413343429565
-0.9197313785552979
-0.6322281360626221
-0.9050498008728027
-0.9348952770233154
-0.8938666582107544
-0.955045223236084
0.9505665898323059
-0.8659052848815918
-0.8588849902153015
-0.9580816626548767
-0.941696047782898
0.5444907546043396
-0.9578036069869995
0.9314462542533875
0.8994135856628418
-0.9749423265457153
0.6127154231071472
-0.9348709583282471
-0.9791473150253296
-0.9674699306488037
-0.9458038806915283
-0.9167671203613281
-0.9543760418891907
-0.9490486979484558
0.1832914501428604
-0.902004599571228
0.8075672388076782
-0.7661129236221313
-0.9525513052940369
-0.9375984072685242
-0.9347917437553406
-0.8865659832954407
-0.8667424321174622
-0.9369218349456787
-0.922933042049408
-0.7796057462692261
-0.37338635325431824
0.747424304485321
-0.9601197242736816
-0.9482187032699585
-0.6020846366882324
-0.6184045076370239
-0.9226707220077515
-0.9698092937469482
-0.9697988033294678
-0.9251774549484253
-0.9453763365745544
-0.8348860144615173
-0.9664502143859863
-0.8098554611206055
-0.9333720207214355
-0.9052624702453613
-0.9262226819992065
0.7431396245956421
-0.9670265913009644
-0.9138993620872498
-0.9595794677734375
-0.9660348296165466
-0.958859384059906
-0.8203063011169434
-0.91341632604599
-0.9749228954315186
-0.9576686024665833
-0.9587137699127197
-0.5571728944778442
-0.9449381828308105
-0.8783836364746094
-0.9565888047218323
0.7543448805809021
-0.9819961786270142
-0.9452770948410034
-0.9677619338035583
-0.944319486618042
-0.9080497026443481
-0.9691113233566284
-0.8659197092056274
-0.9274007081985474
-0.9719905853271484
-0.8675585389137268
-0.18343429267406464
-0.9600872993469238
-0.9692853689193726
0.7614123225212097
-0.9701129198074341
-0.9485504627227783
-0.9652111530303955
-0.888468861579895
-0.7168753147125244
-0.8324617147445679
-0.9281958341598511
-0.9271864295005798
0.11009734123945236
-0.9065250158309937
-0.9473221302032471
-0.9352622032165527
-0.9412557482719421
-0.897506594657898
-0.9752628803253174
-0.9614061117172241
-0.8007779121398926
-0.4872768521308899
0.8922026753425598
-0.8853631019592285
-0.911428689956665
-0.8703351020812988
-0.8653319478034973
-0.9229843020439148
-0.9701195359230042
-0.7956829071044922
-0.8971280455589294
-0.9529917240142822
-0.9746570587158203
0.8565656542778015
-0.6326643228530884
0.8749040365219116
-0.9670327305793762
-0.9582993984222412
0.8379924297332764
-0.7059351205825806
-0.9357306957244873
-0.5301698446273804
-0.9486592411994934
-0.9555527567863464
0.9287917613983154
-0.3828830122947693
-0.9539000391960144
-0.890611469745636
0.9477167129516602
-0.9543137550354004
-0.9143572449684143
0.3974754214286804
0.914799690246582
-0.9325449466705322
-0.9683886766433716
-0.9676000475883484
-0.9199917316436768
-0.8466563820838928
-0.9466274976730347
-0.9156797528266907
-0.3659338057041168
-0.9489630460739136
-0.971521258354187
-0.9736244082450867
-0.29056960344314575
0.140885591506958
0.8874754905700684
-0.9147038459777832
-0.9166703820228577
-0.9421903491020203
-0.9382584691047668
-0.9488738775253296
-0.9143691062927246
-0.9543905258178711
-0.8359643816947937
0.7186334133148193
-0.763541579246521
-0.6875491738319397
0.030420402064919472
-0.9309608340263367
-0.9301534295082092
0.881075382232666
-0.9545444250106812
-0.9427075982093811
-0.9066185355186462
-0.9477365612983704
-0.9535088539123535
-0.9502012729644775
-0.8397358655929565
-0.8809746503829956
-0.8381478786468506
-0.9555583000183105
-0.8534793853759766
-0.9558416604995728
-0.9418548345565796
0.6968421339988708
-0.9358084797859192
0.9175086617469788
-0.9627982974052429
-0.6468575596809387
-0.5807394981384277
-0.9288046360015869
-0.5542675256729126
0.849536657333374
-0.9397556185722351
0.7433763146400452
0.9667821526527405
-0.9612551927566528
-0.9170327186584473
-0.9371323585510254
-0.9399140477180481
-0.9408661127090454
-0.9356967210769653
0.8671401143074036
-0.959013044834137
-0.9669150114059448
-0.8005800843238831
-0.8667524456977844
-0.5232496857643127
-0.9074063301086426
-0.93805992603302
-0.8514148592948914
-0.9555131196975708
0.9299948215484619
-0.9298620820045471
-0.9473909139633179
-0.946105420589447
0.968452513217926
-0.971220850944519
-0.8049067258834839
0.8726934790611267
0.37687966227531433
-0.9520023465156555
-0.8790850043296814
-0.9348442554473877
-0.9268386960029602
-0.8655409812927246
-0.958066463470459
-0.9367032051086426
-0.6037713885307312
0.9200592637062073
0.9524722099304199
0.7572124004364014
0.8042783737182617
-0.9762132167816162
-0.9501059651374817
-0.9624398350715637
0.9397341012954712
-0.9521224498748779
0.9632568359375
-0.9622212648391724
-0.9072422385215759
-0.8858433961868286
-0.9178887009620667
-0.935890257358551
-0.42916786670684814
-0.43262115120887756
0.536794900894165
0.9532824158668518
-0.884688138961792
-0.7623188495635986
0.40120840072631836
-0.9580355882644653
0.7933807373046875
-0.6625791788101196
0.847500205039978
-0.9535948038101196
-0.9409036040306091
-0.9573163986206055
-0.9496501684188843
-0.9754380583763123
-0.9278448224067688
-0.9511425495147705
-0.967461109161377
-0.9532487392425537
-0.9784708023071289
-0.9276105165481567
-0.9559447765350342
-0.8208902478218079
-0.9276862144470215
-0.9581438302993774
-0.9544281959533691
-0.17948560416698456
-0.6540346145629883
0.8545758128166199
-0.8034291863441467
-0.957740306854248
-0.9409536123275757
-0.9263702630996704
0.8006963729858398
0.788590133190155
0.6790104508399963
-0.8797038793563843
-0.10689933598041534
-0.9307613372802734
-0.9478604793548584
-0.9332529306411743
-0.764178991317749
-0.9295200705528259
-0.9022114872932434
-0.6934444308280945
0.877571702003479
-0.9088885188102722
0.14146053791046143
-0.925896167755127
-0.2660926878452301
-0.9362635612487793
-0.8911134600639343
0.4571346342563629
-0.7986253499984741
-0.926479160785675
-0.8279634118080139
0.47838908433914185
-0.8870183825492859
-0.9432653188705444
-0.5496907830238342
-0.9527157545089722
0.9520257711410522
-0.9451845288276672
-0.9506596326828003
-0.8923242092132568
-0.9765432476997375
-0.9547696113586426
-0.960109531879425
-0.8891752362251282
-0.9081639647483826
-0.9403978586196899
-0.048746269196271896
-0.5865858793258667
-0.9675688147544861
-0.9593546390533447
-0.8193347454071045
0.9410370588302612
0.9612635970115662
-0.5128130316734314
-0.8571959733963013
0.9260205030441284
-0.9195353984832764
-0.9532092809677124
-0.9384462833404541
0.6306989192962646
-0.5879189372062683
-0.9333575963973999
0.9644739627838135
-0.9547603726387024
0.8560425043106079
-0.9477131962776184
-0.939670205116272
0.28580182790756226
-0.9298402667045593
-0.9481623768806458
0.8884196281433105
-0.9132732152938843
0.8794339299201965
-0.9559124708175659
-0.8147551417350769
-0.9361444115638733
-0.8819944858551025
-0.03035009652376175
-0.9549006223678589
-0.9658133387565613
0.23779283463954926
-0.4155031740665436
-0.9199895858764648
-0.32465142011642456
-0.6803461909294128
-0.9314349293708801
-0.8945664763450623
-0.9670831561088562
-0.942888081073761
-0.8104580044746399
-0.9638891816139221
-0.9604507088661194
0.7599188089370728
0.3924870491027832
-0.9199185371398926
-0.9321693181991577
-0.7054914832115173
-0.8865811228752136
-0.9570654630661011
-0.9466348886489868
-0.9450260400772095
-0.8998305201530457
-0.9480160474777222
-0.20273341238498688
-0.9848667979240417
-0.9300242066383362
-0.929736316204071
-0.954525351524353
-0.9006277918815613
-0.9734474420547485
-0.06674207001924515
-0.8967679738998413
-0.9640584588050842
-0.9334467649459839
0.8470109701156616
-0.9424368739128113
0.9497157335281372
-0.9216465950012207
-0.8912176489830017
-0.9612945318222046
-0.8094622492790222
-0.9549161195755005
-0.9046748280525208
-0.8252357840538025
-0.4933546781539917
-0.9693681597709656
-0.576241672039032
-0.9618666768074036
-0.5421395897865295
-0.928754448890686
-0.9536063075065613
-0.9530936479568481
-0.913083553314209
-0.7712530493736267
0.5889164209365845
-0.9677472114562988
-0.9748833179473877
-0.9741711020469666
-0.8964147567749023
-0.8970264196395874
-0.7681422233581543
-0.9431783556938171
-0.9491907954216003
-0.8148937225341797
-0.9446786642074585
-0.9365898966789246
-0.9642798900604248
-0.9146982431411743
-0.9527850151062012
-0.7323127388954163
-0.03148966655135155
-0.5644243955612183
0.8113804459571838
0.9065219759941101
-0.7733931541442871
0.9504472017288208
-0.9761220812797546
-0.833937406539917
-0.8203471899032593
-0.73775714635849
-0.9605542421340942
-0.8446592688560486
-0.9196560382843018
-0.9549424052238464
0.964449942111969
-0.9571762084960938
-0.792393147945404
-0.7039204835891724
-0.9171104431152344
-0.9676849842071533
-0.9630171060562134
0.18363186717033386
-0.9424376487731934
-0.9451330900192261
-0.47244352102279663
-0.9614720344543457
-0.9495957493782043
-0.959163248538971
-0.9461479187011719
-0.9618152976036072
-0.9498783349990845
-0.4844691753387451
-0.9622220396995544
-0.9520461559295654
-0.9472204446792603
-0.9598848819732666
-0.9064570069313049
-0.9762023091316223
0.6209575533866882
-0.9224648475646973
-0.9644713997840881
-0.9556590914726257
-0.9375444650650024
-0.7945857048034668
-0.7754284143447876
-0.2872370779514313
-0.9656401872634888
-0.8423914313316345
0.9427827000617981
1.0
-0.677242636680603
-0.9673720598220825
-0.8780259490013123
-0.953474223613739
-0.9445111751556396
0.7872047424316406
-0.1008690819144249
-0.6275257468223572
-0.9399183988571167
-0.699130117893219
-0.932084321975708
-0.8134645819664001
-0.4723533093929291
-0.9186259508132935
0.1983301341533661
-0.9577284455299377
-0.9412279725074768
-0.9362590312957764
-0.9643909931182861
-0.9620917439460754
-0.7201588749885559
-0.844387948513031
-0.979529619216919
-0.9591614603996277
0.9066334962844849
-0.8711482882499695
-0.9764038324356079
-0.9621180295944214
-0.9676958918571472
-0.8640092611312866
-0.8752215504646301
-0.824913501739502
-0.8594182133674622
0.9234456419944763
-0.9453331828117371
-0.8841447830200195
-0.8776431679725647
-0.7879232168197632
-0.32665061950683594
-0.3953385353088379
-0.9348145127296448
-0.7390488982200623
-0.9615604877471924
-0.11709930002689362
-0.9257122874259949
-0.6713066697120667
-0.9414198398590088
-0.9387149214744568
0.9242511987686157
-0.9072775840759277
-0.9192895889282227
-0.9402133226394653
0.766273558139801
-0.9451832175254822
0.8097794055938721
-0.947512149810791
-0.9343386292457581
-0.9194062948226929
-0.9019331336021423
-0.9615448713302612
-0.9616516828536987
0.13475194573402405
-0.840766191482544
-0.9163332581520081
-0.7472882270812988
0.9211576581001282
-0.9368955492973328
0.9149056673049927
-0.9445763826370239
-0.9755028486251831
-0.8385405540466309
-0.9550185799598694
-0.8517569303512573
-0.9782475233078003
0.8485354781150818
-0.9139960408210754
0.9999999403953552
0.8086292147636414
0.9164707064628601
-0.4722345173358917
0.9613803625106812
-0.9609796404838562
-0.9441201686859131
-0.9311513304710388
0.9093751907348633
-0.9380263090133667
-0.9701821208000183
-0.9039565324783325
-0.9592324495315552
-0.9539836645126343
-0.949019193649292
-0.9642598032951355
0.7611851692199707
-0.8740171790122986
0.9393666982650757
0.9282324314117432
-0.9785215854644775
-0.8090767860412598
-0.9687680006027222
0.029736464843153954
0.442099928855896
-0.9682265520095825
-0.9395120739936829
0.8061141967773438
-0.9697513580322266
-0.9540808200836182
-0.9354729056358337
-0.9313604235649109
-0.9005213975906372
-0.8538320064544678
0.9444730281829834
-0.9485079050064087
-0.9225727319717407
-0.9111273288726807
-0.9540278315544128
-0.9725886583328247
-0.6939195394515991
-0.9050080180168152
-0.12024573981761932
-0.9463000893592834
-0.9313845634460449
-0.9683206677436829
0.29896673560142517
-0.9477017521858215
0.7575167417526245
-0.9196681976318359
-0.7164078950881958
-0.9576182961463928
-0.9481087327003479
-0.9664175510406494
-0.8279166221618652
0.879967987537384
-0.9521440863609314
-0.982133686542511
-0.08170179277658463
-0.9791942834854126
-0.8049103021621704
-0.8579583168029785
-0.9178831577301025
-0.9071410298347473
-0.9756941199302673
-0.8036490082740784
0.9083534479141235
-0.9662217497825623
0.3508497476577759
-0.908966064453125
-0.9221377372741699
-0.9506376385688782
-0.9720296263694763
-0.9382724761962891
0.8888561725616455
0.7867298126220703
-0.8768725991249084
-0.8448238372802734
-0.9064934849739075
0.7231704592704773
0.9189066886901855
-0.6986227035522461
-0.9690242409706116
0.896608829498291
-0.8743523955345154
-0.9473105072975159
-0.9693658947944641
-0.8129545450210571
-0.9588268399238586
-0.47890228033065796
-0.9645957946777344
-0.7279307246208191
0.8707311153411865
0.8470109701156616
0.8168606758117676
-0.9438145756721497
-0.5373873114585876
-0.6866224408149719
-0.8920835256576538
-0.8572559356689453
0.8139165639877319
-0.9270386695861816
-0.6429775953292847
-0.9081869721412659
-0.8880811333656311
-0.9303362369537354
-0.9238379001617432
-0.624288022518158
-0.9728209972381592
-0.9553914070129395
0.7233806252479553
-0.9407699704170227
0.9103480577468872
0.8760631084442139
-0.9387877583503723
-0.9727063775062561
-0.7378268837928772
-0.10147114098072052
-0.9633013606071472
-0.38636013865470886
-0.9675245881080627
0.30833902955055237
-0.42375168204307556
-0.9508852362632751
0.5009363293647766
-0.9686478972434998
-0.9234355688095093
-0.9119836688041687
-0.9799829721450806
-0.9535463452339172
-0.9481685161590576
-0.9455727934837341
-0.8740294575691223
-0.9631818532943726
-0.9493669271469116
-0.9565128684043884
0.7223124504089355
-0.9148966073989868
-0.8247623443603516
-0.9479482769966125
0.8758265376091003
-0.8762584328651428
0.43028223514556885
-0.48396074771881104
-0.9566294550895691
-0.798031210899353
-0.7811423540115356
-0.9782043099403381
-0.9530962109565735
-0.9676495790481567
-0.929972231388092
-0.9690682888031006
-0.9472710490226746
-0.9896160364151001
-0.9671813249588013
-0.8147372603416443
-0.5468442440032959
-0.9594387412071228
-0.9746323823928833
-0.3697407841682434
-0.444608598947525
0.8699485063552856
-0.7300440669059753
-0.9090839624404907
0.32087767124176025
0.7904528975486755
-0.9728496670722961
-0.8524980545043945
-0.9360745549201965
-0.9606936573982239
-0.5743076205253601
-0.9487904906272888
-0.9280270338058472
-0.8879705667495728
-0.9135208129882812
-0.22525081038475037
-0.9730870723724365
-0.9477813243865967
-0.9421747326850891
-0.9504695534706116
-0.6729583740234375
-0.964715838432312
-0.965533971786499
-0.9706235527992249
-0.943260669708252
0.6071702241897583
-0.9555923342704773
0.9304283857345581
-0.9480283856391907
0.8229184150695801
0.8986868858337402
-0.9265472292900085
-0.93951416015625
-0.9602840542793274
-0.5342510342597961
-0.9462042450904846
0.13121792674064636
-0.9853816032409668
-0.8956878185272217
0.7937811613082886
-0.4289839565753937
0.9159990549087524
-0.6338967084884644
-0.9139782786369324
-0.9712306261062622
-0.923307478427887
-0.9593914747238159
-0.7247533798217773
-0.7195170521736145
-0.962810754776001
-0.8783854246139526
-0.9528147578239441
-0.9333364963531494
-0.9005200862884521
-0.970588207244873
-0.9313098192214966
-0.9103702306747437
-0.826656699180603
-0.9384880661964417
-0.9498403072357178
-0.8587294816970825
0.9089255928993225
-0.9192561507225037
-0.960511326789856
-0.4069269299507141
-0.9445638656616211
-0.917915403842926
0.8161522150039673
-0.966227114200592
-0.35732531547546387
-0.8766125440597534
-0.9710925817489624
0.3081999719142914
-0.6593620777130127
-0.9380488991737366
-0.9754546284675598
0.8491159677505493
-0.8039761781692505
-0.9693650603294373
0.47447872161865234
-0.7313750386238098
0.8665323257446289
-0.9601359367370605
0.505795955657959
0.9060510993003845
0.49544063210487366
0.7702704071998596
-0.8001158833503723
-0.9629128575325012
-0.8230952620506287
0.9493030905723572
-0.6642352938652039
-0.972020149230957
0.9139267802238464
-0.9455916881561279
-0.9599109888076782
-0.9361719489097595
-0.8812002539634705
-0.9743396043777466
-0.9576616883277893
-0.8566707372665405
0.8318999409675598
-0.8133556842803955
-0.8629006147384644
0.8118393421173096
-0.9502172470092773
-0.9552919268608093
-0.8974999785423279
-0.9525113701820374
0.9474092125892639
-0.5552792549133301
-0.9195889830589294
-0.6864544153213501
-0.9521846771240234
-0.9451308846473694
0.960577130317688
-0.9380442500114441
-0.10077156126499176
-0.9781398773193359
-0.9037909507751465
-0.9596481323242188
0.6978143453598022
-0.04018796607851982
-0.9596551060676575
-0.9700286388397217
0.8743773698806763
-0.850490391254425
-0.9558572769165039
0.9098796844482422
-0.9479936361312866
-0.9605704545974731
-0.9242619872093201
0.8965809941291809
-0.9736663699150085
-0.8097493052482605
-0.9676564335823059
-0.8149170875549316
-0.5837792158126831
0.3186154365539551
-0.9750316143035889
0.9132980108261108
-0.9236112833023071
-0.9287269115447998
-0.9467843174934387
-0.9670838117599487
-0.8098756074905396
-0.9750588536262512
-0.699597954750061
-0.9557080864906311
0.5922254323959351
-0.9395976066589355
0.47056519985198975
-0.9241248369216919
-0.9552394151687622
-0.8607462048530579
-0.926129162311554
0.8680625557899475
-0.843290388584137
-0.9598399996757507
-0.535635232925415
-0.9690811038017273
0.8216835260391235
-0.7947079539299011
0.9149874448776245
-0.6202241778373718
-0.7899035811424255
-0.9539726376533508
-0.8376295566558838
-0.6347151398658752
-0.8077062368392944
-0.8917595744132996
-0.9443767070770264
-0.9703444838523865
-0.960905909538269
-0.9699769020080566
0.924019992351532
-0.9238922595977783
0.8117889761924744
-0.9263298511505127
0.16440050303936005
-0.9573494791984558
-0.6825474500656128
-0.8327807188034058
-0.8152419328689575
0.811957061290741
-0.9081786274909973
-0.9613989591598511
-0.7477575540542603
-0.9632508158683777
-0.8796095848083496
-0.6235011219978333
-0.9085110425949097
-0.8047930002212524
-0.9654048085212708
-0.9267536997795105
-0.8800053596496582
-0.8098925352096558
-0.9433562755584717
-0.8908720016479492
0.2456740438938141
-0.7528429627418518
0.9387041926383972
-0.8766112923622131
-0.9119391441345215
-0.4807652235031128
-0.9501096606254578
-0.8818684220314026
-0.9781594276428223
-0.9498798251152039
-0.8713385462760925
-0.9831241369247437
-0.9660079479217529
-0.9654838442802429
-0.9243655800819397
-0.9668446779251099
-0.979989767074585
-0.8341116309165955
-0.63730788230896
-0.8201184868812561
-0.9646700620651245
-0.8209600448608398
-0.8820399045944214
-0.2275151163339615
-0.9610797762870789
-0.9726739525794983
-0.9376299381256104
-0.9263479113578796
-0.89178866147995
-0.9349308609962463
-0.8626987338066101
-0.9658976197242737
-0.9750102758407593
-0.8769304752349854
0.9312366843223572
-0.9742905497550964
-0.9749270081520081
-0.7415562868118286
-0.950717031955719
-0.8637374639511108
-0.9450123906135559
-0.9508573412895203
-0.9538460969924927
0.9238168001174927
-0.9167855978012085
-0.9652150273323059
-0.9643435478210449
-0.8378324508666992
-0.8841202855110168
-0.9716134667396545
-0.6084517240524292
-0.9236559867858887
-0.5899882316589355
-0.9450531601905823
-0.7821738123893738
-0.8611168265342712
-0.9451774954795837
-0.9819837808609009
-0.8569703102111816
-0.9392628073692322
0.6389737129211426
-0.9810253381729126
-0.943953275680542
-0.7278707027435303
-0.9558250904083252
-0.9405750036239624
-0.7266594171524048
0.823202908039093
-0.9139317870140076
-0.9274526238441467
0.08460976183414459
-0.9428598880767822
-0.9559466242790222
-0.9421423673629761
-0.9540185928344727
-0.9710586667060852
-0.9527537226676941
-0.7713343501091003
-0.4961482286453247
-0.8391075730323792
-0.6347097158432007
-0.8353393077850342
-0.9511395692825317
-0.951270580291748
-0.9034260511398315
-0.9632835984230042
-0.9561457633972168
0.09722220152616501
-0.14287583529949188
-0.9494854807853699
0.818031370639801
-0.9210150837898254
-0.9778146743774414
-0.9359263181686401
-0.8935218453407288
-0.8162440061569214
-0.9022403359413147
-0.9271222949028015
-0.8612858057022095
-0.9658134579658508
-0.7448976039886475
-0.9301286339759827
0.8410766124725342
-0.9346482753753662
-0.7885793447494507
-0.9518640041351318
-0.9752771258354187
-0.960013747215271
-0.30835139751434326
-0.9424169063568115
0.9156901836395264
-0.7597646713256836
-0.17298924922943115
0.8865110278129578
-0.8885320425033569
-0.9389932155609131
-0.9576631784439087
-0.9685145616531372
-0.9453029632568359
0.5009617209434509
0.6908512711524963
-0.9319362044334412
-0.9636748433113098
-0.6957225203514099
-0.7512214183807373
-0.9346665740013123
-0.9195557236671448
0.8851321339607239
-0.28947365283966064
-0.8636895418167114
-0.9384803175926208
-0.974801242351532
-0.9121720194816589
-0.9519438743591309
-0.8047179579734802
0.22896206378936768
-0.7255825400352478
-0.9709851741790771
-0.938338041305542
-0.6059063673019409
-0.8886215686798096
-0.9178054332733154
-0.9552633166313171
-0.914228618144989
-0.9383925199508667
-0.9244775772094727
-0.8437652587890625
-0.7666441202163696
0.052061136811971664
-0.9744928479194641
-0.8501098155975342
0.9698281288146973
-0.9297153949737549
-0.924163281917572
0.24636951088905334
-0.9670490026473999
-0.9661192893981934
-0.9218693971633911
-0.31778207421302795
-0.9562944769859314
-0.9721684455871582
-0.0016875704750418663
-0.2639397382736206
-0.9487566351890564
-0.9081146121025085
-0.5167738795280457
-0.9629744291305542
-0.750083863735199
-0.9313403367996216
-0.9773902893066406
-0.946164608001709
-0.8570501208305359
-0.8987787961959839
-0.9718517065048218
-0.9152751564979553
0.9333833456039429
-0.8971743583679199
-0.9457548260688782
-0.8415956497192383
-0.7620226144790649
-0.9675996899604797
-0.9358252882957458
-0.9473889470100403
-0.9381535053253174
-0.9366671442985535
0.9418996572494507
-0.9289798736572266
-0.9261242747306824
-0.9559053182601929
0.7228229641914368
-0.9586964845657349
-0.9406737685203552
-0.9010930061340332
-0.67314612865448
-0.9498451948165894
-0.9487674832344055
-0.9089087843894958
0.662738561630249
0.9027483463287354
-0.9022578001022339
-0.5145420432090759
-0.9165597558021545
-0.7944687604904175
-0.9611775279045105
-0.9500130414962769
0.4187769591808319
-0.9135559797286987
-0.3725399374961853
-0.9551200866699219
-0.10125546902418137
-0.932454526424408
-0.23205485939979553
-0.9548808336257935
0.7160032391548157
-0.9473056197166443
-0.9119305610656738
-0.92781662940979
-0.9548918008804321
-0.9233018755912781
0.6487101912498474
-0.8919137716293335
-0.9494078755378723
-0.7438165545463562
-0.8863404989242554
-0.8996683359146118
-0.9595465660095215
-0.9345240592956543
-0.9325268864631653
-0.965150773525238
0.9552062749862671
-0.6468058228492737
0.7269467711448669
0.02997210994362831
0.9253510236740112
-0.9626725912094116
-0.9345556497573853
-0.8940759897232056
-0.8367568254470825
0.9066705107688904
-0.9733144640922546
-0.9786079525947571
0.9578598737716675
-0.940183162689209
-0.9270582795143127
-0.5540363788604736
0.9363127946853638
-0.9041671752929688
-0.9517881870269775
-0.8487266302108765
-0.9608888626098633
-0.9500969648361206
-0.8834531903266907
-0.9592951536178589
-0.9184571504592896
-0.9229571223258972
-0.8277854323387146
-0.9639207720756531
-0.8277361392974854
-0.9471490979194641
-0.9622564315795898
-0.9380719065666199
0.6037845015525818
-0.97491854429245
-0.7370855212211609
-0.9730150103569031
-0.9618386030197144
-0.9480454325675964
-0.7967676520347595
-0.9736553430557251
-0.9660821557044983
-0.9176114797592163
-0.8649675250053406
-0.9156591892242432
-0.8797949552536011
-0.8889394402503967
-0.9636591076850891
-0.9664562940597534
-0.9770070910453796
-0.9414522647857666
0.23305734992027283
-0.9521740078926086
-0.8959842324256897
-0.9193708896636963
-0.9686614274978638
-0.7788783311843872
-0.9386436343193054
0.933684766292572
-0.935903012752533
-0.9696073532104492
-0.9443086981773376
-0.8785068988800049
-0.9562503099441528
-0.6050300598144531
-0.9117345213890076
-0.8571793437004089
-0.9381628036499023
-0.9622524380683899
-0.9386741518974304
-0.9458414912223816
-0.9324323534965515
-0.952777624130249
0.8473774790763855
-0.9657437205314636
0.9353712797164917
0.6678345799446106
-0.9368917346000671
0.6190085411071777
-0.976347029209137
-0.9091706275939941
0.8645527958869934
-0.9214870929718018
-0.9120001196861267
-0.5541372299194336
-0.4494800865650177
0.4021948575973511
-0.4902992844581604
-0.8683839440345764
-0.9396746158599854
-0.9519187211990356
-0.5759949684143066
-0.9608770608901978
-0.6858026385307312
0.4089421033859253
-0.7452461123466492
-0.872183084487915
-0.8956084251403809
-0.7861970663070679
0.655850350856781
0.9237049221992493
-0.28563928604125977
-0.9181206822395325
-0.9438618421554565
-0.9068552255630493
-0.9774043560028076
-0.9613552689552307
-0.8963754773139954
-0.7755371928215027
-0.9420477151870728
-0.9197748303413391
-0.8283218741416931
-0.964008629322052
0.6169124841690063
-0.8247997164726257
-0.5531322956085205
0.6176290512084961
-0.9013214111328125
-0.8466165065765381
-0.6514150500297546
-0.9464719295501709
-0.7440037727355957
-0.9575265049934387
0.9094445705413818
-0.8699612021446228
-0.9570906162261963
-0.9263050556182861
-0.8596773147583008
-0.9419004917144775
-0.9143213033676147
-0.9249826669692993
-0.9088625311851501
-0.9510394334793091
-0.7918747067451477
-0.8838693499565125
-0.9581560492515564
-0.8587194681167603
-0.9127309322357178
-0.9773373007774353
-0.8993371725082397
-0.9491298198699951
-0.970114529132843
-0.8708332777023315
-0.880516767501831
-0.9313039183616638
-0.9366999864578247
-0.9344817996025085
-0.9615991711616516
-0.8556275367736816
-0.8639150857925415
-0.8684970736503601
-0.9520966410636902
-0.9583350419998169
-0.9541855454444885
-0.9588264226913452
-0.9517183899879456
-0.951387882232666
-0.9591625928878784
-0.9354680776596069
-0.9099240899085999
0.8421674966812134
-0.9461917281150818
0.142180934548378
-0.9515777826309204
-0.893929123878479
0.8412575721740723
0.6638535857200623
-0.6961483359336853
0.14452330768108368
-0.9640564918518066
-0.9401448369026184
0.8916020393371582
-0.8390986919403076
-0.48281675577163696
-0.8075457215309143
-0.954616904258728
-0.6660963892936707
-0.9688109755516052
-0.7860848903656006
-0.9101247787475586
-0.9668622612953186
0.9282765984535217
-0.9557352066040039
-0.8065734505653381
-0.9462034702301025
0.8819365501403809
-0.6128175258636475
-0.9252996444702148
-0.892572283744812
-0.8731448650360107
-0.9681629538536072
-0.9419269561767578
0.9558358788490295
-0.9496776461601257
-0.9543120861053467
-0.8294521570205688
-0.9546327590942383
-0.8295618891716003
-0.9363396167755127
-0.865532636642456
0.9456995129585266
-0.8663809299468994
-0.9557979106903076
-0.8227094411849976
-0.9609083533287048
-0.8477282524108887
0.8539757132530212
-0.956955075263977
-0.8599157929420471
-0.9538314342498779
-0.9501518607139587
-0.35192519426345825
-0.7402185797691345
-0.9378164410591125
-0.9287785291671753
0.8848174810409546
-0.923042893409729
-0.9693642854690552
-0.8093241453170776
-0.9513323307037354
-0.9511754512786865
-0.9625517129898071
-0.9617856740951538
-0.9586002230644226
0.969048023223877
-0.9619747400283813
-0.9525274634361267
-0.9679359197616577
-0.9552226662635803
-0.9517780542373657
-0.9407833218574524
-0.8750225305557251
-0.9365906715393066
-0.96753990650177
-0.9266039729118347
-0.9387657046318054
-0.9190608263015747
-0.9085501432418823
-0.9632672667503357
0.9440613985061646
-0.8487011194229126
-0.9671907424926758
0.9466416835784912
-0.5326034426689148
-0.9792718887329102
-0.8669831156730652
-0.9521024823188782
0.8305678367614746
-0.902244508266449
0.9094119071960449
-0.6283054947853088
-0.9399834275245667
-0.9260534048080444
0.9411436319351196
-0.9732218980789185
-0.7492913007736206
0.9489978551864624
-0.84723299741745
-0.9619710445404053
0.8299300074577332
-0.9430681467056274
-0.964573860168457
-0.9463068842887878
0.24641698598861694
-0.916728138923645
-0.7980058193206787
-0.9361056089401245
-0.9558571577072144
-0.9561623930931091
0.8851891756057739
0.923259973526001
-0.973574697971344
-0.9425600171089172
0.7159129977226257
-0.7751091122627258
-0.9484453201293945
-0.9649633169174194
-0.6514477729797363
-0.9561511874198914
-0.9334800243377686
-0.8233744502067566
0.9170091152191162
-0.9039336442947388
-0.9694174528121948
-0.9327071905136108
-0.9431119561195374
-0.9262456893920898
-0.9107295274734497
-0.9473000168800354
-0.8237149715423584
-0.8591049909591675
-0.9092049598693848
0.7129925489425659
-0.9535834789276123
-0.8387315273284912
-0.9343241453170776
-0.9726395606994629
-0.9578016400337219
-0.9774235486984253
-0.6441029906272888
-0.916843056678772
-0.8274685740470886
0.8557876944541931
-0.9286195635795593
-0.5387185215950012
-0.9090633392333984
-0.9354486465454102
0.951821506023407
0.8845248818397522
-0.9369301795959473
0.9183772802352905
-0.8655769228935242
-0.21679432690143585
0.8117148876190186
-0.9529134035110474
-0.9038474559783936
-0.9240725040435791
-0.94190913438797
-0.9605401754379272
-0.7774754166603088
-0.8795242309570312
0.8916167616844177
-0.9642807245254517
-0.7794528603553772
-0.9031801223754883
-0.9119303226470947
0.6581472754478455
-0.7591215372085571
-0.8214136362075806
-0.8988004922866821
-0.9586790800094604
-0.9642268419265747
-0.8276750445365906
-0.9439903497695923
-0.9705737233161926
-0.7351471185684204
-0.9481306076049805
-0.3930754065513611
0.026394858956336975
0.8889061808586121
0.9081035852432251
0.8371264338493347
-0.927129864692688
-0.8963438272476196
0.913419246673584
-0.9728583097457886
0.9418558478355408
-0.959909975528717
0.35167229175567627
-0.7449150085449219
-0.9113268852233887
0.669813871383667
-0.9362110495567322
-0.751981794834137
-0.9476272463798523
-0.9025234580039978
-0.9449858069419861
-0.9745940566062927
-0.9313706159591675
-0.17616699635982513
-0.9704891443252563
-0.9562116861343384
-0.6307159662246704
0.10795599222183228
-0.9259151220321655
-0.9552772641181946
0.7841479778289795
-0.9682260155677795
-0.6052429676055908
-0.961147665977478
-0.8715220093727112
-0.9641858339309692
0.9568737149238586
-0.9444096088409424
-0.8396272659301758
-0.8650558590888977
-0.16395725309848785
-0.9099954962730408
0.9300885200500488
-0.8637691736221313
-0.9312624335289001
-0.9349218010902405
0.9478943943977356
0.5227786898612976
-0.8898459672927856
-0.6944899559020996
-0.8072957396507263
-0.9434770941734314
-0.6923213005065918
0.9454076290130615
-0.904831051826477
-0.9445214867591858
0.2925431728363037
-0.9642100930213928
-0.9245463609695435
-0.945163905620575
-0.9361678957939148
-0.958000659942627
-0.9655328989028931
-0.9646545052528381
-0.9407561421394348
0.10994108021259308
-0.9279618859291077
-0.7712123990058899
-0.9559597373008728
-0.9029812216758728
-0.9488654732704163
0.9310635328292847
-0.9601556062698364
-0.9601134061813354
-0.9184560179710388
-0.7951298356056213
-0.9644050598144531
0.4949912428855896
-0.8983761668205261
-0.9405795931816101
-0.9708287715911865
-0.9700387716293335
0.9313048124313354
-0.9690004587173462
-0.9826328754425049
0.8236027359962463
-0.8915612697601318
-0.7715682983398438
-0.8777928352355957
0.39514562487602234
-0.9146807193756104
-0.9796720743179321
-0.9422361254692078
-0.44719257950782776
-0.9833481311798096
-0.8016831874847412
-0.9167312383651733
-0.9732470512390137
0.9213951230049133
-0.7787607312202454
-0.9690403342247009
-0.7047867178916931
-0.22382642328739166
-0.8109771609306335
-0.9121646881103516
-0.8019406795501709
-0.9428378343582153
-0.9501519799232483
-0.5481405854225159
-0.925134539604187
-0.9424933195114136
-0.9354525804519653
-0.9654843807220459
