-0.9655616283416748
-0.8631728887557983
-0.9481238722801208
-0.9113835096359253
-0.9707127213478088
-0.9802373647689819
-0.9851583242416382
-0.7912515997886658
-0.9718587398529053
-0.88145512342453
0.9880545139312744
0.9402077198028564
-0.9500815868377686
-0.9825670719146729
-0.8734317421913147
-0.9550246596336365
-0.969008207321167
-0.9774055480957031
-0.8161368370056152
-0.4365675151348114
-0.9556757211685181
-0.8271456360816956
0.9126220345497131
-0.991805911064148
-0.6028041243553162
-0.9660418629646301
-0.9614813327789307
-0.9229782223701477
-0.966668963432312
-0.9716605544090271
-0.7340715527534485
-0.960310697555542
-0.17406295239925385
-0.9169672727584839
-0.8255119919776917
-0.926626443862915
-0.9600476026535034
-0.9606474041938782
-0.949787437915802
-0.9850988984107971
-0.8533666729927063
0.9520420432090759
-0.8412569761276245
0.4190245270729065
-0.9617761373519897
-0.5469927787780762
-0.9573361277580261
-0.8649548292160034
-0.8760998249053955
-0.9442005753517151
-0.9695894718170166
-0.9478580355644226
-0.804637610912323
0.9854667782783508
-0.8458998799324036
0.973437488079071
-0.9812439680099487
-0.8746324181556702
-0.5604274868965149
0.9755529761314392
-0.9722718000411987
-0.9412069916725159
-0.9753651022911072
-0.9620515704154968
-0.9845370054244995
-0.9205937385559082
-0.9585748910903931
-0.8174567222595215
-0.6813033223152161
-0.9042913913726807
-0.9448076486587524
-0.8796163201332092
-0.9700087904930115
-0.9489247798919678
0.985065758228302
-0.9607985019683838
-0.9765573740005493
-0.9762858152389526
0.9687574505805969
-0.959735095500946
-0.935303807258606
0.842953085899353
-0.9864537119865417
-0.9772170186042786
0.7754576802253723
0.9579244256019592
-0.942387044429779
-0.9634807109832764
0.8930777907371521
-0.9701367616653442
-0.8765354752540588
-0.9794430732727051
-0.865267813205719
-0.9481714963912964
-0.9746001958847046
-0.7153055667877197
-0.984226405620575
-0.9190037846565247
-0.8716945648193359
-0.9790265560150146
-0.9780789613723755
-0.9700667262077332
-0.8258649110794067
-0.9706716537475586
-0.9475971460342407
-0.9855766296386719
-0.9878635406494141
-0.951565146446228
-0.9651807546615601
-0.9016458988189697
0.4424857497215271
-0.8037099242210388
0.8843135237693787
0.9795635938644409
0.9589293003082275
0.9049069285392761
-0.9642638564109802
0.1922726184129715
-0.9208824634552002
-0.972621500492096
0.8489705324172974
-0.9780611395835876
0.9530273079872131
-0.9331886172294617
-0.4450555741786957
-0.8823355436325073
-0.9137494564056396
-0.9291642904281616
-0.9838431477546692
-0.9367004632949829
-0.9881754517555237
0.8897278904914856
-0.9768577218055725
-0.9577648639678955
-0.9283022880554199
-0.9817482233047485
0.9590663909912109
-0.5663732886314392
0.965749979019165
-0.9026964902877808
0.7934226989746094
-0.9674643278121948
-0.9428282380104065
-0.9793313145637512
-0.9373131990432739
-0.9825476408004761
-0.7692554593086243
-0.7928545475006104
-0.9717230200767517
-0.8958728909492493
-0.982370138168335
-0.978407621383667
-0.983778715133667
-0.9431931376457214
0.888485312461853
-0.9832206964492798
-0.8552123308181763
-0.9630666971206665
-0.9682233333587646
-0.9468663334846497
0.9680014848709106
0.9751349091529846
-0.8068044781684875
-0.9632384181022644
0.937595784664154
0.8699220418930054
-0.9558395147323608
-0.9415032863616943
0.48092812299728394
-0.8072342872619629
-0.9755212068557739
-0.9726015329360962
0.9109458327293396
-0.9400427341461182
-0.9085207581520081
-0.982469916343689
0.9703428745269775
-0.8563153147697449
-0.7014085054397583
-0.9687147736549377
-0.6891579031944275
-0.9066646695137024
-0.9767375588417053
0.9853009581565857
-0.9777918457984924
-0.9689327478408813
-0.9339282512664795
-0.9868130683898926
-0.979705810546875
-0.9532829523086548
-0.9270346164703369
-0.881912350654602
-0.9487349390983582
-0.9768133759498596
-0.9772031903266907
-0.8852788805961609
-0.9079655408859253
-0.9084514379501343
-0.9636673927307129
-0.9241731762886047
-0.966843843460083
-0.9681799411773682
-0.3880753517150879
-0.8534630537033081
-0.5261938571929932
-0.7216067314147949
-0.9672180414199829
0.33434435725212097
0.21689963340759277
-0.7357390522956848
-0.8008530139923096
0.9628005027770996
-0.9003700017929077
-0.9777201414108276
-0.9828370213508606
-0.43599963188171387
-0.9679986238479614
-0.8611295223236084
-0.9814834594726562
-0.9424500465393066
-0.9623491764068604
-0.8716427683830261
-0.9771246314048767
-0.9858115911483765
-0.7338172197341919
-0.96464604139328
-0.7374640703201294
-0.9752399921417236
-0.9225711822509766
0.9457792043685913
-0.9765160083770752
-0.9471790790557861
-0.9553340077400208
-0.9204254150390625
-0.9803417921066284
-0.9706186652183533
-0.9828659296035767
-0.9343289136886597
-0.968938946723938
-0.8539284467697144
-0.9583106637001038
-0.9592955708503723
0.9347895383834839
-0.9387630224227905
0.8489583730697632
-0.9616109728813171
-0.9159955382347107
-0.9438958764076233
0.49700456857681274
0.5512540340423584
-0.9655696749687195
-0.2905774414539337
-0.8971818685531616
0.963707685470581
-0.9790838956832886
-0.963394284248352
-0.7547809481620789
-0.9855329394340515
-0.9823506474494934
-0.7507158517837524
-0.9558135867118835
-0.9786345362663269
-0.9325835704803467
-0.9142574071884155
0.40539947152137756
-0.5312134623527527
-0.9457747936248779
-0.9789337515830994
-0.7973730564117432
-0.8863987922668457
0.9466771483421326
-0.9776599407196045
-0.9055576324462891
-0.8366944193840027
-0.9696467518806458
-0.9034886360168457
0.7393788695335388
-0.7963376641273499
-0.962417721748352
-0.9703722596168518
-0.8149860501289368
0.7192574143409729
-0.8768498301506042
-0.9569987654685974
0.9708057641983032
-0.9638128280639648
-0.9554263949394226
-0.9665454626083374
-0.8737620711326599
-0.9414122104644775
-0.8760855793952942
-0.8540361523628235
0.08224362134933472
-0.4817768335342407
0.8381766080856323
-0.9264137744903564
-0.9687857031822205
0.9856732487678528
-0.8407469987869263
-0.9004848599433899
-0.9855878949165344
0.8706921339035034
-0.9647773504257202
-0.8176932334899902
-0.9083294868469238
-0.8462790846824646
-0.8657412528991699
-0.9858416318893433
-0.9832944273948669
-0.9308414459228516
-0.6393154859542847
-0.9511141777038574
-0.9558389782905579
-0.9326404333114624
-0.9360674023628235
-0.8799853920936584
-0.9723226428031921
-0.8032248020172119
-0.965354323387146
-0.9371201395988464
-0.9000612497329712
-0.9633232355117798
-0.37916669249534607
-0.9090481996536255
-0.9678402543067932
-0.8703188896179199
-0.9773973822593689
-0.9829561710357666
-0.8524731993675232
-0.9365986585617065
-0.9492536783218384
-0.9561106562614441
-0.9576703906059265
-0.830225944519043
-0.9685412049293518
0.927614152431488
0.495601087808609
-0.9614773988723755
0.9676735997200012
-0.8972418308258057
-0.9348250031471252
-0.936808705329895
-0.7240604758262634
-0.8164255023002625
-0.9244792461395264
0.9685192704200745
-0.5925754904747009
-0.9805486798286438
-0.9476143717765808
-0.8942745327949524
0.9450437426567078
-0.49493035674095154
-0.9599103331565857
-0.9774181842803955
-0.8460906744003296
0.9089348316192627
-0.9695723056793213
-0.9481228590011597
-0.976169764995575
-0.9029433727264404
-0.8520634174346924
-0.06919920444488525
-0.951709508895874
-0.9841972589492798
0.9912242889404297
-0.9576416015625
-0.8400234580039978
-0.9441251754760742
-0.9260806441307068
-0.9484909772872925
-0.9242639541625977
-0.7926658987998962
0.9657824039459229
-0.9171921014785767
-0.9305081367492676
-0.8469724655151367
0.8853865265846252
-0.9101216197013855
-0.40555840730667114
-0.6773443818092346
-0.9417510032653809
-0.9785890579223633
-0.9544061422348022
-0.8312729597091675
-0.9849657416343689
-0.9670768976211548
-0.844369113445282
-0.9752172827720642
0.9703513383865356
0.5798755884170532
-0.9194201827049255
-0.1400316208600998
-0.9806407690048218
-0.9335933923721313
-0.9242100715637207
-0.9400858879089355
-0.8555992245674133
-0.9125202298164368
-0.11991472542285919
0.9861576557159424
-0.9712935090065002
-0.9561476707458496
0.9106075167655945
-0.9131699204444885
-0.9607234597206116
-0.9775301218032837
-0.9799475073814392
-0.960204005241394
-0.9839698076248169
-0.9649910926818848
-0.9858357906341553
-0.9857698082923889
0.9683310389518738
0.985567033290863
-0.9861752390861511
-0.9809707403182983
-0.8921856880187988
-0.9764015078544617
-0.8381814956665039
-0.9628961682319641
-0.9608990550041199
-0.9841079711914062
-0.49558913707733154
-0.9261608719825745
-0.9887068271636963
-0.8346196413040161
-0.9705556035041809
-0.9528951644897461
-0.9279434680938721
-0.7935158610343933
-0.9800878167152405
-0.9557419419288635
-0.9442247748374939
-0.9846676588058472
0.9793804287910461
-0.8759106397628784
-0.9282699227333069
-0.9697545766830444
-0.9710417985916138
0.7202517986297607
-0.9435861110687256
0.9747243523597717
0.9739428758621216
-0.9795063138008118
0.8349759578704834
-0.9550402760505676
-0.9853037595748901
-0.9739571213722229
-0.9505570530891418
-0.9441238641738892
-0.9643547534942627
-0.9687564373016357
-0.023450803011655807
-0.9421992301940918
0.9322189092636108
-0.8664085865020752
-0.9653624296188354
-0.8541896939277649
-0.9727340340614319
-0.949029803276062
-0.8230542540550232
-0.8704541325569153
-0.9489871263504028
-0.9240424633026123
0.26974835991859436
0.9029519557952881
-0.9773064851760864
-0.9521994590759277
-0.35796329379081726
-0.7804960012435913
-0.9405511617660522
-0.9809063076972961
-0.9730626940727234
-0.8482759594917297
-0.9197754263877869
-0.9435838460922241
-0.9789445400238037
-0.3982303738594055
-0.9697887301445007
-0.9357428550720215
-0.9235337972640991
0.884970486164093
-0.9706256985664368
-0.9729369282722473
-0.9633209109306335
-0.9479339718818665
-0.8728288412094116
-0.9123625755310059
-0.9669851660728455
-0.9797669649124146
-0.9778420925140381
-0.9675061106681824
-0.5920544862747192
-0.9553583264350891
-0.943222165107727
-0.9748647212982178
0.9652208089828491
-0.9892961382865906
-0.9683727025985718
-0.9766014218330383
-0.9406006932258606
-0.8407444357872009
-0.9791929125785828
-0.9451506733894348
-0.8692691326141357
-0.9592402577400208
-0.5617551803588867
0.6715945601463318
-0.9767255187034607
-0.9231997728347778
0.9124764800071716
-0.9837329387664795
-0.954221248626709
-0.9551385045051575
-0.7010722756385803
-0.8020433187484741
-0.8699476718902588
-0.9582675099372864
-0.590304970741272
0.4708530306816101
-0.9587143659591675
-0.9709249138832092
-0.9568682312965393
-0.953116774559021
-0.9682809114456177
-0.9536115527153015
-0.9686518311500549
-0.8781949877738953
0.14954528212547302
0.9650934934616089
-0.8367004990577698
-0.930147111415863
-0.924843430519104
-0.927173912525177
-0.9600644111633301
-0.9781038761138916
-0.9438772201538086
-0.9503392577171326
-0.9742740392684937
-0.9730668067932129
0.6969378590583801
-0.5957467555999756
0.956752598285675
-0.968940258026123
-0.945904552936554
0.9207359552383423
-0.7911694645881653
-0.934087872505188
-0.5694625377655029
-0.9284427165985107
-0.9471999406814575
0.9825866222381592
-0.3586829900741577
-0.8807838559150696
-0.8433352112770081
0.9861182570457458
-0.9618064165115356
-0.944363534450531
0.8697692155838013
0.9867808222770691
-0.9345893859863281
-0.9571123123168945
-0.940028727054596
-0.9684485197067261
-0.8737812042236328
-0.9468167424201965
-0.9805791974067688
-0.1954212784767151
-0.9755246639251709
-0.9699921607971191
-0.967141330242157
0.5391530990600586
-0.8783011436462402
0.953213095664978
-0.8786563873291016
-0.9079198837280273
-0.9267852306365967
-0.9119828939437866
-0.982334315776825
-0.9436216354370117
-0.9492332339286804
-0.6786872744560242
0.9414151906967163
-0.4973049759864807
0.48210084438323975
0.40320444107055664
-0.9761418104171753
-0.9366745948791504
0.9661107659339905
-0.9683248996734619
-0.9180126786231995
-0.9626311659812927
-0.9801563024520874
-0.9703380465507507
-0.8785349130630493
-0.9033985733985901
-0.9617598056793213
-0.8952882885932922
-0.9783459305763245
-0.831011176109314
-0.9076857566833496
-0.9697426557540894
0.9030446410179138
-0.942924439907074
0.9775819778442383
-0.975426435470581
-0.37923043966293335
-0.7999511957168579
-0.8593404293060303
0.5011009573936462
0.9636116623878479
-0.9461777210235596
0.93338942527771
0.9922329187393188
-0.9644509553909302
-0.9418511390686035
-0.9707193374633789
-0.9077056646347046
-0.9600882530212402
-0.9331173896789551
0.9878222346305847
-0.9786210060119629
-0.9569876194000244
-0.9314952492713928
-0.7867537140846252
0.1492002159357071
-0.9602089524269104
-0.9643892049789429
-0.9333877563476562
-0.9618031978607178
0.9782036542892456
-0.9193055033683777
-0.9268066883087158
-0.914780855178833
0.985174298286438
-0.9855294227600098
-0.43642354011535645
0.9738283157348633
0.694225013256073
-0.9654296636581421
-0.9761544466018677
-0.9617319107055664
-0.9237701296806335
-0.8921751379966736
-0.9687410593032837
-0.9210855960845947
-0.6892961859703064
0.9519899487495422
0.9818095564842224
0.9420832395553589
0.8557385206222534
-0.9742515087127686
-0.9783071875572205
-0.9673808217048645
0.963956356048584
-0.939052164554596
0.988955557346344
-0.9766244888305664
-0.8476613163948059
-0.8805515766143799
-0.9320504665374756
-0.9188602566719055
-0.7456679344177246
-0.4003230631351471
0.7048386931419373
0.9801943302154541
-0.9589999914169312
-0.6775638461112976
0.6776395440101624
-0.9835917353630066
0.9399131536483765
-0.6206058263778687
0.9476155638694763
-0.9696325063705444
-0.9702556133270264
-0.9669820666313171
-0.985280454158783
-0.9635434150695801
-0.8387739658355713
-0.9847497940063477
-0.9710531234741211
-0.8831267356872559
-0.9857339859008789
-0.960935115814209
-0.9763140082359314
-0.7495185732841492
-0.9571957588195801
-0.9718261361122131
-0.9695839285850525
-0.36593785881996155
-0.770316481590271
0.9504867792129517
-0.6255301237106323
-0.961216926574707
-0.9762169718742371
-0.9481887817382812
0.9734104871749878
0.9436219930648804
0.9284351468086243
-0.7458918690681458
-0.44912785291671753
-0.9446482062339783
-0.9583237767219543
-0.9424273371696472
-0.672981858253479
-0.802827775478363
-0.9375321865081787
-0.8902175426483154
0.9759311676025391
-0.8284538984298706
0.11905591189861298
-0.9364476799964905
0.3283914625644684
-0.9547028541564941
-0.9403762817382812
0.9129477739334106
-0.7482305765151978
-0.9710795283317566
-0.8524267673492432
0.764630913734436
-0.9520411491394043
-0.7311028242111206
-0.32372787594795227
-0.7094994187355042
0.9811363220214844
-0.8782682418823242
-0.9591711759567261
-0.9511356353759766
-0.9547853469848633
-0.9491968154907227
-0.9859514832496643
-0.9387460947036743
-0.8690576553344727
-0.9650521874427795
-0.1652534455060959
-0.7809277772903442
-0.9762026071548462
-0.9734362363815308
-0.8558306694030762
0.9766743183135986
0.9855359792709351
-0.8882608413696289
-0.6843895316123962
0.9625157713890076
-0.8802930116653442
-0.9787108302116394
-0.8596275448799133
0.6096509695053101
-0.5493574738502502
-0.9495335221290588
0.9876692295074463
-0.9669244289398193
0.98182213306427
-0.9409656524658203
-0.9467591047286987
0.6849648356437683
-0.9330957531929016
-0.9638003706932068
0.9665656089782715
-0.9309161901473999
0.965365469455719
-0.9770631194114685
-0.6641983985900879
-0.915056049823761
-0.9156814813613892
-0.006785985082387924
-0.9361207485198975
-0.9849929809570312
0.8569937944412231
-0.8022009134292603
-0.9881842732429504
-0.7870251536369324
-0.38488468527793884
-0.9565316438674927
-0.6829147338867188
-0.9345439672470093
-0.939569354057312
-0.8160512447357178
-0.9654222130775452
-0.9803515672683716
0.8939312696456909
0.7019778490066528
-0.9180896878242493
-0.9663003087043762
-0.8619757890701294
-0.8826116919517517
-0.8920676112174988
-0.949711799621582
-0.9508809447288513
-0.9771949052810669
-0.9768190383911133
-0.25951045751571655
-0.9892183542251587
-0.9559845924377441
-0.9648918509483337
-0.9812511205673218
-0.9410831928253174
-0.9711317420005798
-0.31249338388442993
-0.9310070872306824
-0.9587786793708801
-0.8657451272010803
0.9599486589431763
-0.979227602481842
0.9730846881866455
-0.9546101093292236
-0.7675833702087402
-0.9531652331352234
-0.7179701328277588
-0.9791160821914673
-0.8922276496887207
-0.9484519958496094
-0.4793214797973633
-0.955176830291748
-0.9045542478561401
-0.9700254797935486
-0.5907765626907349
-0.9741021990776062
-0.9608911275863647
-0.9649608135223389
-0.952106773853302
-0.8536577820777893
0.9377561807632446
-0.9646391868591309
-0.9740099906921387
-0.985588788986206
-0.9570865631103516
-0.9438064098358154
-0.8821045160293579
-0.9610368013381958
-0.969998300075531
-0.843307375907898
-0.976481020450592
-0.8956461548805237
-0.9707329869270325
-0.95537269115448
-0.978299617767334
-0.7740499973297119
-0.44790488481521606
-0.9576241970062256
0.868416965007782
0.9733197093009949
-0.8931422233581543
0.9813380837440491
-0.9790772199630737
-0.8545807003974915
-0.9385310411453247
-0.9150682687759399
-0.9782770872116089
-0.8399199843406677
-0.9468356966972351
-0.9635535478591919
0.9884308576583862
-0.9751855134963989
-0.8376439213752747
-0.6752128601074219
-0.9813695549964905
-0.9839926958084106
-0.9822884202003479
0.722755491733551
-0.9667767286300659
-0.9728876352310181
-0.15413491427898407
-0.9710136651992798
-0.9750967621803284
-0.9662015438079834
-0.9657734632492065
-0.9820210337638855
-0.9827260375022888
-0.5397989153862
-0.9021623134613037
-0.9782987833023071
-0.905874490737915
-0.9773408770561218
-0.8000533580780029
-0.9855165481567383
0.6439694762229919
-0.9490410089492798
-0.9777883291244507
-0.9671282172203064
-0.9764893651008606
-0.9058122038841248
-0.9337278604507446
-0.12966890633106232
-0.9788161516189575
-0.32398638129234314
0.9647859334945679
1.0000001192092896
-0.6420977711677551
-0.9842395782470703
-0.8874032497406006
-0.9771063327789307
-0.9670405983924866
0.9301352500915527
-0.3006969392299652
-0.9200771450996399
-0.9543015360832214
0.2427692711353302
-0.9666274785995483
-0.8188002705574036
0.12377193570137024
-0.9581738710403442
0.22750553488731384
-0.9640933871269226
-0.9683807492256165
-0.9165220260620117
-0.9600048661231995
-0.9528156518936157
-0.8919426202774048
-0.7611773014068604
-0.9833487272262573
-0.9349026679992676
0.9858415722846985
-0.9341045618057251
-0.9175326228141785
-0.9693182110786438
-0.9714772701263428
-0.22513559460639954
-0.9539152383804321
-0.919707179069519
-0.8963571786880493
0.970991849899292
-0.9793288111686707
-0.9316446781158447
-0.8234433531761169
-0.8143235445022583
-0.2053171992301941
-0.06317342072725296
-0.9545352458953857
-0.905941903591156
-0.9880208969116211
-0.14539159834384918
-0.9522818326950073
-0.6341732740402222
-0.9641775488853455
-0.9153544306755066
0.9617320895195007
-0.9662559032440186
-0.9661026000976562
-0.9670279026031494
0.912938117980957
-0.9677075147628784
0.959526002407074
-0.9525132775306702
-0.9407104849815369
-0.9332866668701172
-0.9253208637237549
-0.9520263075828552
-0.9623532891273499
0.5853999257087708
-0.9424869418144226
-0.9698371291160583
-0.9531788229942322
0.9777897596359253
-0.9776983261108398
0.964626669883728
-0.951462984085083
-0.9789966940879822
-0.9331737756729126
-0.9521127939224243
-0.8542365431785583
-0.8813749551773071
0.9847309589385986
-0.9481256008148193
1.0
0.8912887573242188
0.9867100715637207
-0.05899425968527794
0.9868714213371277
-0.9108730554580688
-0.9743379354476929
-0.9742795825004578
0.9653493762016296
-0.9856055378913879
-0.9826493263244629
-0.9655252695083618
-0.9740015268325806
-0.9745150208473206
-0.9682828187942505
-0.9520177841186523
0.8705706000328064
-0.8107660412788391
0.9449928402900696
0.9753823280334473
-0.9675052165985107
-0.5467987656593323
-0.9604568481445312
-0.12563613057136536
0.8515413999557495
-0.9474968910217285
-0.9772868752479553
0.9473361968994141
-0.9795093536376953
-0.9854792356491089
-0.9483264684677124
-0.9469482898712158
-0.9400380253791809
-0.9224971532821655
0.9853527545928955
-0.9746036529541016
-0.872943103313446
-0.9571316242218018
-0.9698402881622314
-0.9596548080444336
0.023134104907512665
-0.8988304734230042
0.747685968875885
-0.9744800925254822
-0.8423804044723511
-0.9699082374572754
0.5561878085136414
-0.9565766453742981
0.9177231788635254
-0.8817440867424011
-0.8101489543914795
-0.9580516815185547
-0.9762478470802307
-0.9878161549568176
-0.8925886154174805
0.8817688226699829
-0.9856893420219421
-0.9781359434127808
-0.27755969762802124
-0.9717537760734558
-0.1572105437517166
-0.9268551468849182
-0.6008903384208679
-0.8467323780059814
-0.9775596857070923
-0.8023952841758728
0.9465586543083191
-0.9837294816970825
0.721172571182251
-0.9590728878974915
-0.9585031270980835
-0.9694027304649353
-0.9747204780578613
-0.9508017897605896
0.9791744947433472
0.9265866279602051
-0.8100786209106445
-0.8437206149101257
-0.9316443800926208
0.953341543674469
0.9791412353515625
-0.6572912931442261
-0.9660434126853943
0.9572920799255371
-0.9616360664367676
-0.9622867703437805
-0.9511850476264954
-0.8387942314147949
-0.950101375579834
-0.3855111598968506
-0.9708170890808105
0.07652696222066879
0.9485796689987183
0.9599486589431763
0.8526735305786133
-0.9619190692901611
-0.17763128876686096
-0.9425736665725708
-0.9440048933029175
-0.9350232481956482
0.8805394768714905
-0.8973785638809204
0.34718990325927734
-0.9298778772354126
-0.9102426171302795
-0.93406081199646
-0.9694482088088989
-0.8092656135559082
-0.9702835083007812
-0.9683070182800293
0.7687363028526306
-0.9825558662414551
0.9708732962608337
0.974127471446991
-0.9431061148643494
-0.9869828224182129
-0.3699653446674347
-0.11130625754594803
-0.9765509366989136
-0.4097469449043274
-0.9746895432472229
0.8598024249076843
-0.031760551035404205
-0.979193389415741
0.6242467164993286
-0.9658763408660889
-0.9422591924667358
-0.8380098938941956
-0.9832911491394043
-0.9412309527397156
-0.9532986879348755
-0.9521948099136353
-0.6321308016777039
-0.9659167528152466
-0.9788333177566528
-0.9651447534561157
0.9266889691352844
-0.9133163690567017
-0.9346820116043091
-0.9740986824035645
0.948633074760437
-0.9334070086479187
0.8020797371864319
-0.7406596541404724
-0.957115888595581
-0.8814260363578796
-0.7654348015785217
-0.9833117127418518
-0.9392735958099365
-0.9855096340179443
-0.962679386138916
-0.9675042033195496
-0.9773250222206116
-0.9804000854492188
-0.9544440507888794
-0.6369997262954712
-0.13627676665782928
-0.9515712261199951
-0.8825392127037048
-0.8416014909744263
-0.3006956875324249
0.9505683183670044
-0.36029288172721863
-0.907659649848938
0.6293808221817017
0.9662073254585266
-0.9755219221115112
-0.687658965587616
-0.9667503237724304
-0.9098880887031555
-0.563335120677948
-0.9772657155990601
-0.959915041923523
-0.9397162199020386
-0.8156511783599854
0.3494557738304138
-0.95283043384552
-0.9605715274810791
-0.9734542369842529
-0.9713476896286011
-0.5837704539299011
-0.9177350997924805
-0.8741180896759033
-0.982370138168335
-0.8971755504608154
0.839489221572876
-0.965291440486908
0.9520511627197266
-0.9690727591514587
0.9307883977890015
0.980095386505127
-0.931999683380127
-0.9318180084228516
-0.9742193222045898
0.07249517738819122
-0.9711077213287354
0.704937219619751
-0.9820532202720642
-0.920674204826355
0.9476832747459412
-0.9313405752182007
0.9356029033660889
-0.13475829362869263
-0.928633451461792
-0.9623129963874817
-0.8771525621414185
-0.978212296962738
-0.713573694229126
-0.9442657232284546
-0.9707168340682983
-0.8823836445808411
-0.767650306224823
-0.7090597152709961
-0.9807873964309692
-0.9813092947006226
-0.8345347046852112
-0.9194210767745972
-0.8192103505134583
-0.9468185901641846
-0.9688426852226257
-0.8101474046707153
0.9656969308853149
-0.7929538488388062
-0.9460027813911438
0.4189097583293915
-0.9752307534217834
-0.9350149631500244
0.9365718364715576
-0.9846459627151489
-0.5697214603424072
-0.7317900061607361
-0.9753267765045166
0.32041507959365845
-0.28323766589164734
-0.9315488338470459
-0.9705723524093628
0.9520503878593445
-0.7936068773269653
-0.9818167090415955
0.7974156141281128
-0.5725988149642944
0.9838122725486755
-0.9736247062683105
0.6840394735336304
0.9821243286132812
0.7732736468315125
0.8594220280647278
-0.785625696182251
-0.980868935585022
-0.9344935417175293
0.9780606627464294
-0.8332429528236389
-0.9813908338546753
0.9316100478172302
-0.7064052820205688
-0.9797608852386475
-0.9443857073783875
-0.6555430889129639
-0.9026325941085815
-0.9784096479415894
-0.864118218421936
0.9640358090400696
-0.3579377830028534
-0.9399316906929016
0.9293164014816284
-0.9806072115898132
-0.9423661231994629
-0.8346526026725769
-0.8658820986747742
0.9845260381698608
0.28369760513305664
-0.9251752495765686
-0.3950008451938629
-0.979616105556488
-0.9731625318527222
0.9890944361686707
-0.9631816148757935
-0.005617149174213409
-0.979080319404602
-0.9137593507766724
-0.953097939491272
0.8837940692901611
-0.6081688404083252
-0.9730367660522461
-0.9872449040412903
0.9542133808135986
-0.7383574843406677
-0.9714863896369934
0.965438723564148
-0.9389587640762329
-0.9838845729827881
-0.7299405336380005
0.9772682189941406
-0.9711746573448181
-0.9297153949737549
-0.9444675445556641
-0.889937698841095
-0.8093863725662231
0.8490822911262512
-0.9845525026321411
0.9509618878364563
-0.9260845184326172
-0.9270875453948975
-0.9397531151771545
-0.985388457775116
-0.8628858923912048
-0.9880353212356567
-0.8116376399993896
-0.969009518623352
0.5374705791473389
-0.9459289312362671
0.6925326585769653
-0.957182765007019
-0.9128055572509766
-0.3147989511489868
-0.9683782458305359
0.9318415522575378
-0.8027340769767761
-0.9211828708648682
-0.4444029927253723
-0.944999098777771
0.9432971477508545
-0.37919312715530396
0.9928150177001953
-0.4663546681404114
-0.893679141998291
-0.9355615973472595
-0.9268255233764648
-0.17388005554676056
-0.9191870093345642
-0.9231923222541809
-0.9623879194259644
-0.9658603072166443
-0.9540674090385437
-0.9801779985427856
0.9713209867477417
-0.9041898250579834
0.9497724771499634
-0.8754888772964478
0.5032250881195068
-0.9675136804580688
-0.8460793495178223
-0.8747404217720032
-0.9766898155212402
0.9241737127304077
-0.9547282457351685
-0.9852685332298279
-0.9371930956840515
-0.9856311678886414
-0.9415398836135864
-0.8690201044082642
-0.8975117802619934
-0.8858484029769897
-0.973901093006134
-0.9304532408714294
-0.9565463066101074
-0.8171733617782593
-0.9652348756790161
-0.9087340831756592
0.5638128519058228
-0.47083723545074463
0.9805188179016113
-0.9098482131958008
-0.9485045075416565
0.0008427705615758896
-0.9554008841514587
-0.95293128490448
-0.9756696820259094
-0.9557623267173767
-0.9632646441459656
-0.9893699884414673
-0.9816200733184814
-0.903714120388031
-0.9323427081108093
-0.9758105278015137
-0.9832910895347595
-0.936677873134613
-0.14615477621555328
-0.7439742088317871
-0.9592843055725098
-0.820626974105835
-0.9320462942123413
-0.7310992479324341
-0.9777925610542297
-0.9757739305496216
-0.9661153554916382
-0.9471007585525513
-0.9202406406402588
-0.9444952011108398
-0.7620225548744202
-0.928124189376831
-0.9846073389053345
-0.9619331359863281
0.9736323356628418
-0.9934672117233276
-0.8670122623443604
0.018203727900981903
-0.9597597718238831
-0.8143545389175415
-0.9414083361625671
-0.9853620529174805
-0.9556401371955872
0.9626830816268921
-0.9644386172294617
-0.9709185361862183
-0.9738582372665405
-0.8704226016998291
-0.8618971109390259
-0.9780064225196838
-0.8423840403556824
-0.9602504372596741
-0.3316584825515747
-0.8992684483528137
-0.9020863175392151
-0.8913529515266418
-0.9569098949432373
-0.9822726249694824
-0.7162779569625854
-0.9704397320747375
0.603471577167511
-0.9793146848678589
-0.9672467708587646
-0.9172441363334656
-0.9694197177886963
-0.9495322704315186
-0.7383316159248352
0.9496166110038757
-0.9486833214759827
-0.9492291212081909
0.573023796081543
-0.9059854745864868
-0.974068284034729
-0.9657428860664368
-0.9693532586097717
-0.9527469277381897
-0.920997679233551
-0.6753889322280884
-0.7158990502357483
-0.9131312966346741
-0.18186070024967194
-0.7661781907081604
-0.9724206328392029
-0.9632628560066223
-0.9536811113357544
-0.9765573740005493
-0.9525130987167358
0.8618205785751343
0.35698843002319336
-0.9541730880737305
0.8950234651565552
-0.9720453023910522
-0.9255635142326355
-0.9294164776802063
-0.8336830735206604
-0.9748895168304443
-0.7173492908477783
-0.956457793712616
-0.7852400541305542
-0.9596208930015564
-0.6939825415611267
-0.9262348413467407
0.9593547582626343
-0.9579305648803711
-0.9522221088409424
-0.8379214406013489
-0.9861847758293152
-0.9587607383728027
0.2962600886821747
-0.9778541922569275
0.9742363691329956
-0.6197085380554199
0.07083600759506226
0.9775360822677612
-0.9552129507064819
-0.9661591649055481
-0.9737035036087036
-0.9750082492828369
-0.9659081101417542
0.5301980376243591
0.9325500726699829
-0.9656776785850525
-0.9633868336677551
-0.896275520324707
-0.5423614978790283
-0.9576171636581421
-0.8700659871101379
0.970503568649292
-0.49465852975845337
-0.7921971082687378
-0.9501630067825317
-0.9699923992156982
-0.962274432182312
-0.9561147689819336
-0.5757670402526855
-0.30721530318260193
-0.08216218650341034
-0.963463306427002
-0.955965518951416
-0.28820574283599854
-0.8904538154602051
-0.9628346562385559
-0.9289032220840454
-0.9236876964569092
-0.976185142993927
-0.9742742776870728
-0.9300016760826111
-0.8702214956283569
-0.3331244885921478
-0.9725944399833679
-0.8765850067138672
0.9872927665710449
-0.9451203942298889
-0.982413649559021
0.618973433971405
-0.9777902364730835
-0.9355629682540894
-0.9402930736541748
-0.3277662694454193
-0.916387677192688
-0.9769566059112549
0.5477182865142822
0.2097807675600052
-0.9623507261276245
-0.8621832728385925
-0.16318997740745544
-0.9755024313926697
-0.9404454231262207
-0.9467916488647461
-0.9200730323791504
-0.9675213694572449
-0.895921528339386
-0.8871879577636719
-0.9742623567581177
-0.8756861686706543
0.9826393723487854
-0.8365032076835632
-0.9489496946334839
-0.856008768081665
-0.4923395812511444
-0.9826357960700989
-0.9674261808395386
-0.9142636060714722
-0.8606224656105042
-0.9608820676803589
0.9553351402282715
-0.9205973744392395
-0.9467315673828125
-0.9339625239372253
0.9643332958221436
-0.9560564160346985
-0.9746699333190918
-0.8819586038589478
-0.7543127536773682
-0.9591243267059326
-0.937481164932251
-0.9179222583770752
0.9314959645271301
0.9599928259849548
-0.8727752566337585
0.1794484406709671
-0.9704577326774597
-0.9284286499023438
-0.9531103372573853
-0.9715577363967896
0.5308952331542969
-0.9385366439819336
-0.30198079347610474
-0.9800683259963989
-0.4348410367965698
-0.8944084644317627
-0.6394705772399902
-0.9728107452392578
0.8758459091186523
-0.9765257239341736
-0.9357739686965942
-0.9651185274124146
-0.9725247025489807
-0.918755829334259
0.7619396448135376
-0.8728474974632263
-0.966100811958313
-0.46951714158058167
-0.898639440536499
-0.8632259368896484
-0.9610642194747925
-0.9642453789710999
-0.7492858171463013
-0.9828606247901917
0.9842357635498047
-0.7387327551841736
0.8982442617416382
0.6556659936904907
0.9809004068374634
-0.9847174882888794
-0.9675582647323608
-0.9344465732574463
-0.9351974725723267
0.9688259959220886
-0.9726551175117493
-0.9863415360450745
0.9886894226074219
-0.8680933713912964
-0.9503612518310547
-0.24091891944408417
0.9899858236312866
-0.9506802558898926
-0.975322425365448
-0.0489957258105278
-0.9709978699684143
-0.9781310558319092
-0.8869385719299316
-0.967353105545044
-0.9660822749137878
-0.9165585041046143
-0.8874186873435974
-0.956928014755249
-0.9209042191505432
-0.9783120155334473
-0.9772477746009827
-0.8624400496482849
0.8400173187255859
-0.9742989540100098
0.0909191444516182
-0.9713643193244934
-0.9776438474655151
-0.9360063076019287
-0.7095319032669067
-0.9880049228668213
-0.9798685908317566
-0.9198788404464722
-0.9579942226409912
-0.9332019090652466
-0.9528353810310364
-0.8779885768890381
-0.9447086453437805
-0.9682977199554443
-0.8650073409080505
-0.9501363635063171
0.7336230874061584
-0.9684796929359436
-0.9594656825065613
-0.9566663503646851
-0.9809975028038025
-0.3350120782852173
-0.9729173183441162
0.9508101940155029
-0.9241690635681152
-0.9788745641708374
-0.3383042514324188
-0.9560938477516174
-0.9804602861404419
-0.9005102515220642
-0.9148275256156921
-0.7842633128166199
-0.9582946300506592
-0.9074644446372986
-0.9539231061935425
-0.9576099514961243
-0.9846678376197815
-0.9655789136886597
0.9334621429443359
-0.9410805702209473
0.9835243225097656
0.8142329454421997
-0.937458336353302
0.7112362384796143
-0.9798860549926758
-0.9205760955810547
0.9611090421676636
-0.908726692199707
-0.95179283618927
-0.8718557357788086
0.17810669541358948
0.916432797908783
-0.8488568067550659
-0.590938150882721
-0.9746704697608948
-0.9489752650260925
-0.6006029844284058
-0.9659975171089172
-0.8875224590301514
0.7121875882148743
-0.7375195026397705
-0.9547984600067139
-0.8817263245582581
-0.6044607162475586
0.7599490880966187
0.9859693050384521
-0.6217862367630005
-0.9663557410240173
-0.9364050030708313
-0.9698745012283325
-0.9856663942337036
-0.9644479155540466
-0.9741916060447693
-0.8846050500869751
-0.9434413909912109
-0.9520277976989746
-0.9050244688987732
-0.9869264960289001
0.8600321412086487
-0.8843017220497131
-0.17638829350471497
0.914451539516449
-0.7983635067939758
-0.9530847668647766
-0.930864691734314
-0.917161762714386
-0.5823236107826233
-0.9851480722427368
0.9465376734733582
-0.39040330052375793
-0.9807437062263489
-0.9508243799209595
-0.8830329775810242
-0.9697420001029968
-0.8096228837966919
-0.8718321323394775
-0.9426674246788025
-0.969970703125
-0.750241219997406
-0.9525245428085327
-0.9119889736175537
-0.8486886620521545
-0.9269284009933472
-0.9879335165023804
-0.8885752558708191
-0.9498980641365051
-0.9756999015808105
-0.7652854919433594
-0.6983152031898499
-0.9456459879875183
-0.9583434462547302
-0.9616006016731262
-0.9653345346450806
-0.9040743112564087
-0.9143420457839966
-0.9439329504966736
-0.9205178618431091
-0.9345004558563232
-0.9299317598342896
-0.9775647521018982
-0.953494668006897
-0.9791586995124817
-0.9704138040542603
-0.9754955768585205
-0.9825463891029358
0.9371328353881836
-0.9276784658432007
0.12197044491767883
-0.9800665974617004
-0.9487181901931763
0.9110517501831055
0.9107776880264282
-0.8224724531173706
0.13005030155181885
-0.9619587659835815
-0.9691318273544312
0.9339691400527954
-0.7715526223182678
-0.5415358543395996
-0.9396423697471619
-0.949155330657959
-0.3755801022052765
-0.9785138368606567
-0.623977541923523
-0.9145355224609375
-0.9409003853797913
0.9724524617195129
-0.9615088105201721
-0.8852276802062988
-0.7379831671714783
0.9579131603240967
-0.6530907154083252
-0.9444636106491089
-0.9453228116035461
-0.9512580037117004
-0.9796268939971924
-0.9746918678283691
0.9844305515289307
-0.9777470231056213
-0.9658361673355103
-0.661803126335144
-0.9665664434432983
-0.8536051511764526
-0.9638750553131104
-0.9475492238998413
0.9776095151901245
-0.9351770281791687
-0.9728792905807495
-0.9143668413162231
-0.9864116311073303
-0.7986168265342712
0.9238045811653137
-0.9851760268211365
-0.9185279011726379
-0.9817641973495483
-0.9670522809028625
0.21322673559188843
-0.6306891441345215
-0.9430416226387024
-0.9668895602226257
0.9718446731567383
-0.9728552103042603
-0.9837303161621094
-0.8770321011543274
-0.9679445028305054
-0.7372912764549255
-0.9809575080871582
-0.9224393367767334
-0.9772554636001587
0.979833722114563
-0.9763236045837402
-0.9612853527069092
-0.9399722814559937
-0.9698671102523804
-0.9843661785125732
-0.9604783058166504
-0.9696115851402283
-0.9693008065223694
-0.9749196767807007
-0.9335820078849792
-0.9727118015289307
-0.9289044737815857
-0.9562125205993652
-0.9385412931442261
0.9485372304916382
-0.9009913206100464
-0.9822790622711182
0.9825221300125122
-0.7726824879646301
-0.9795852899551392
-0.8908525705337524
-0.9532386660575867
0.972989022731781
-0.9595649242401123
0.973965048789978
-0.41974079608917236
-0.8916652202606201
-0.9506702423095703
0.9872241020202637
-0.961803138256073
-0.5759022235870361
0.9854112863540649
-0.5260046124458313
-0.9769652485847473
0.9078783988952637
-0.9578338861465454
-0.9652029275894165
-0.981578528881073
0.31142961978912354
-0.952323317527771
-0.8880690336227417
-0.9839457273483276
-0.9769798517227173
-0.9590042233467102
0.9068261384963989
0.9634332656860352
-0.960570752620697
-0.9615260362625122
0.6620568633079529
-0.6660112738609314
-0.9696856141090393
-0.9334327578544617
-0.8190916180610657
-0.9786397218704224
-0.9798946380615234
-0.9060837030410767
0.9776917099952698
-0.9074442982673645
-0.9817055463790894
-0.9604756832122803
-0.9738409519195557
-0.9515827298164368
-0.9714276790618896
-0.9075506925582886
-0.969892680644989
-0.9438872933387756
-0.8333385586738586
0.8452675342559814
-0.9844409227371216
-0.5958202481269836
-0.9541560411453247
-0.9765253663063049
-0.9721646308898926
-0.9907268285751343
-0.6580267548561096
-0.9074722528457642
-0.937281608581543
0.9695606231689453
-0.9140306711196899
-0.7171383500099182
-0.9508481025695801
-0.9651344418525696
0.945129930973053
0.9824155569076538
-0.9548394680023193
0.9451411962509155
-0.8709695339202881
-0.3582916855812073
0.9075044393539429
-0.9449842572212219
-0.9272674918174744
-0.9546276926994324
-0.9599698185920715
-0.9757398366928101
-0.7237243056297302
-0.897719144821167
0.9782941937446594
-0.9776119589805603
-0.905749499797821
-0.9669963121414185
-0.9495478868484497
0.9195275902748108
-0.6960941553115845
-0.8501707911491394
-0.9435665607452393
-0.9619768857955933
-0.9709357023239136
-0.9038107991218567
-0.9559003114700317
-0.9784501194953918
-0.8782103657722473
-0.9630273580551147
-0.5808639526367188
0.6646801233291626
0.9753574728965759
0.9324233531951904
0.8527202010154724
-0.9472028017044067
-0.972413957118988
0.9821231365203857
-0.9816710948944092
0.9688963890075684
-0.9765174388885498
0.3986315429210663
-0.6306312084197998
-0.9166340827941895
0.9526132345199585
-0.9452571272850037
-0.7723048329353333
-0.9628919363021851
-0.9181947708129883
-0.972743809223175
-0.9403850436210632
-0.8745244741439819
-0.5552058815956116
-0.9713793992996216
-0.9522553086280823
-0.3197101354598999
0.5470573902130127
-0.9742743968963623
-0.9510157108306885
0.8834306597709656
-0.9854934215545654
-0.14712867140769958
-0.9848925471305847
-0.8822681307792664
-0.9837999939918518
0.9851806163787842
-0.9776344299316406
-0.9210656881332397
-0.9077408313751221
-0.4634004235267639
-0.9048207402229309
0.9732968807220459
-0.925141453742981
-0.8837546110153198
-0.9816416501998901
0.9702029228210449
0.8617050051689148
-0.7881261110305786
-0.708968997001648
-0.8904922604560852
-0.9736725091934204
-0.7262559533119202
0.9847744107246399
-0.9475367665290833
-0.9718607664108276
-0.6178470849990845
-0.9788663387298584
-0.9755226373672485
-0.9439047574996948
-0.9057335257530212
-0.8927731513977051
-0.9788923263549805
-0.9796490669250488
-0.9629156589508057
0.5102843046188354
-0.9797785878181458
-0.9189632534980774
-0.956328272819519
-0.8831294775009155
-0.9462083578109741
0.9847559928894043
-0.9032151699066162
-0.9729288816452026
-0.976101279258728
-0.9255582094192505
-0.9761199951171875
-0.5707781910896301
-0.9529730677604675
-0.9430937767028809
-0.984086275100708
-0.9514180421829224
0.971796989440918
-0.9719223976135254
-0.9757146835327148
0.8615140914916992
-0.9512634873390198
-0.8794987201690674
-0.9100165963172913
0.3625465929508209
-0.8840616941452026
-0.9798170328140259
-0.9595217704772949
-0.6573455929756165
-0.9351547360420227
-0.8102445602416992
-0.9576064348220825
-0.9820379018783569
0.9805885553359985
-0.5222793817520142
-0.9703481197357178
-0.8507896661758423
0.2161688208580017
-0.9421579837799072
-0.5059831142425537
-0.8689569234848022
-0.9697745442390442
-0.9602566957473755
-0.3154740333557129
-0.9466780424118042
-0.9297535419464111
-0.9257457852363586
-0.9718306064605713
