-0.9176186323165894
-0.82304847240448
-0.7846019864082336
-0.850024402141571
-0.8589125871658325
-0.635386049747467
-0.7992094159126282
-0.6187579035758972
-0.7891325354576111
-0.6506228446960449
0.9564297199249268
0.8157508969306946
-0.8821706771850586
-0.8901883959770203
-0.5175372362136841
-0.909094512462616
-0.7891297340393066
-0.7847394943237305
-0.36622974276542664
-0.3374295234680176
-0.8579535484313965
-0.6291475296020508
0.8074418306350708
-0.7133881449699402
-0.6913858652114868
-0.7220545411109924
-0.8736368417739868
-0.7359564900398254
-0.7789096832275391
-0.8857749700546265
-0.2908813953399658
-0.867364227771759
0.08279598504304886
-0.8365894556045532
-0.4131466746330261
-0.7843230962753296
-0.6597929000854492
-0.7077288627624512
-0.8287797570228577
-0.9089514017105103
-0.8627718091011047
0.7952641844749451
-0.5137144923210144
0.07839587330818176
-0.788276731967926
-0.6072134971618652
-0.7615520358085632
-0.4511083662509918
-0.8105964660644531
-0.7399648427963257
-0.9378625154495239
-0.773341953754425
0.43314874172210693
0.902170717716217
-0.798335075378418
0.9026440978050232
-0.9075886011123657
-0.850391685962677
-0.735451877117157
0.8956884741783142
-0.7132709622383118
-0.8228129148483276
-0.5668553709983826
-0.7454133629798889
-0.9049081802368164
-0.5532011389732361
-0.7904486060142517
-0.840203046798706
-0.11686666309833527
-0.2591616213321686
-0.4571656286716461
-0.5982988476753235
-0.7871042490005493
-0.8722344040870667
0.8830986022949219
-0.8683854937553406
-0.8835688233375549
-0.8879050016403198
0.8882958889007568
-0.858765721321106
-0.020024368539452553
0.7839184403419495
-0.8127543926239014
-0.7845408320426941
0.8761173486709595
0.7199317812919617
-0.8444972038269043
-0.7432901263237
0.7795158624649048
-0.836341381072998
-0.7330213785171509
-0.9075694680213928
-0.807162880897522
-0.8677101731300354
-0.9480217099189758
-0.26924681663513184
-0.744587779045105
-0.9349678158760071
-0.33309853076934814
-0.7519923448562622
-0.9256607294082642
-0.8822716474533081
-0.5878875851631165
-0.8905801773071289
-0.8368387818336487
-0.8329544067382812
-0.9383116960525513
-0.7089282274246216
-0.9317563772201538
-0.6678060293197632
-0.09044774621725082
-0.8079389333724976
0.3503383696079254
0.9720803499221802
0.9243873953819275
0.7396087050437927
-0.867282509803772
0.6374137997627258
-0.6552422046661377
-0.8258441686630249
0.0894479975104332
-0.8499157428741455
0.8023226261138916
-0.7998648285865784
-0.39275699853897095
-0.7596676349639893
-0.7314088344573975
-0.8338282704353333
-0.8343703150749207
-0.7046951651573181
-0.82976233959198
0.8111659288406372
-0.7622467279434204
-0.8724076747894287
-0.8420413732528687
-0.8270360231399536
0.8627544045448303
-0.3743802011013031
0.8782814741134644
-0.8573787808418274
0.6210463643074036
-0.9537659883499146
-0.9045148491859436
-0.922955334186554
-0.7853329181671143
-0.7175366878509521
-0.6109173893928528
-0.6577434539794922
-0.8284690976142883
-0.6148947477340698
-0.8649497032165527
-0.8928107023239136
-0.878277063369751
-0.7613281011581421
0.6432456970214844
-0.7980349659919739
-0.6046552658081055
-0.9357268810272217
-0.7194802165031433
-0.5631904602050781
0.9464836120605469
0.7584087252616882
-0.7781769037246704
-0.8586745262145996
0.4605971872806549
0.718397319316864
-0.25984930992126465
-0.8720113039016724
0.6341958045959473
-0.8121659755706787
-0.8956230878829956
-0.8424374461174011
0.8059178590774536
-0.9299795627593994
-0.6629129648208618
-0.9005088210105896
0.9214134216308594
-0.717980682849884
0.45348411798477173
-0.8290361166000366
-0.773183286190033
-0.6444616317749023
-0.8642293214797974
0.8921193480491638
-0.8845424056053162
-0.8408100605010986
-0.7492071390151978
-0.9279088973999023
-0.9037690758705139
-0.8647781014442444
-0.8947592973709106
-0.7919498085975647
-0.7086132168769836
-0.8626605868339539
-0.9104311466217041
-0.6005452871322632
-0.9071453809738159
0.7402385473251343
-0.9156427383422852
-0.7155344486236572
-0.7873808741569519
-0.9403374791145325
-0.6257028579711914
0.23994573950767517
-0.6533427238464355
-0.8289361000061035
-0.8513014316558838
-0.5082833766937256
0.8320216536521912
0.8202208280563354
-0.5681362152099609
0.909292459487915
-0.6466865539550781
-0.865752100944519
-0.6889420747756958
-0.3929620385169983
-0.7667076587677002
-0.8250789642333984
-0.8484074473381042
-0.9101638793945312
-0.7836169004440308
-0.7692925333976746
-0.9313010573387146
-0.8115228414535522
-0.7734277248382568
-0.787722110748291
-0.7867517471313477
-0.7907935380935669
-0.8565791845321655
0.8960972428321838
-0.8802088499069214
-0.5936645269393921
-0.8496742844581604
-0.6811014413833618
-0.29722458124160767
-0.7623163461685181
-0.8759187459945679
-0.7465550303459167
-0.8829659223556519
-0.7959921360015869
-0.7770918607711792
-0.8071758151054382
-0.3116551339626312
-0.7127826809883118
0.630912721157074
-0.8573708534240723
-0.7827857732772827
-0.6425621509552002
0.4229297637939453
0.5802260041236877
-0.8008726835250854
0.5860921144485474
-0.7687485218048096
0.9551213383674622
-0.6916788220405579
-0.8399584889411926
-0.2690896689891815
-0.7936809062957764
-0.6792172789573669
0.08694034069776535
-0.7382133603096008
-0.7503101825714111
-0.7135049700737
-0.6316869854927063
0.11891111731529236
-0.28014853596687317
-0.7332512736320496
-0.8815181255340576
-0.5904194712638855
-0.8334754705429077
0.8859906792640686
-0.853073239326477
-0.6279908418655396
-0.5176838636398315
-0.8415146470069885
-0.8406158089637756
0.5671033263206482
-0.6353785991668701
-0.7406886219978333
-0.9446862936019897
-0.5468414425849915
0.9166045188903809
-0.633064866065979
-0.9169619679450989
0.9451931715011597
-0.4956105947494507
-0.7871453762054443
-0.8781040906906128
-0.7606619000434875
-0.6236419677734375
-0.7002295255661011
-0.10621525347232819
0.3023466467857361
-0.4066184461116791
-0.5479879975318909
-0.4446808993816376
-0.843550443649292
0.9147711992263794
-0.6512769460678101
-0.35558193922042847
-0.9251853823661804
0.6209264397621155
-0.7521193027496338
-0.6887531280517578
-0.886074423789978
-0.6545677185058594
-0.5241066217422485
-0.8750588297843933
-0.8734152317047119
-0.8727110624313354
-0.5724656581878662
-0.8164278864860535
-0.8508228659629822
-0.5422749519348145
-0.7684311866760254
-0.8364616632461548
-0.8415001630783081
-0.2454482614994049
-0.9062713980674744
-0.7262138724327087
-0.8418678641319275
-0.8449943661689758
-0.01370607316493988
-0.8937294483184814
-0.8867605328559875
-0.055376555770635605
-0.8482041358947754
-0.8966253995895386
-0.702208399772644
-0.8869907259941101
-0.8243456482887268
-0.9005165696144104
-0.48836034536361694
-0.5858277678489685
-0.8367148041725159
0.8446028232574463
0.5575044751167297
-0.8968559503555298
0.8048957586288452
-0.6041352152824402
-0.8138893842697144
-0.9118611812591553
-0.8654370307922363
-0.39368757605552673
-0.6075797080993652
0.8562623262405396
0.10552320629358292
-0.9249219298362732
-0.6980395317077637
-0.7895297408103943
0.8098532557487488
0.6625198721885681
-0.8177732229232788
-0.822456955909729
-0.7328413724899292
0.9096440076828003
-0.004596281796693802
-0.5948268175125122
-0.7839543223381042
-0.7867469191551208
-0.8276151418685913
-0.3496417999267578
-0.7364987134933472
-0.873041570186615
0.9621936082839966
-0.6165391206741333
-0.7665831446647644
-0.6556950807571411
-0.6949304938316345
-0.8744925260543823
-0.8148476481437683
-0.7863031029701233
0.8708962798118591
-0.8865886330604553
-0.7000074982643127
-0.22885370254516602
0.017101731151342392
-0.8739057779312134
-0.4696349501609802
-0.2941441833972931
-0.8828772306442261
-0.8639183044433594
-0.8063720464706421
-0.6974977850914001
-0.8671404719352722
-0.7888186573982239
-0.583058774471283
-0.8556281924247742
0.9303766489028931
0.4498152732849121
-0.5605131983757019
0.6864692568778992
-0.8124397993087769
-0.6433162689208984
-0.614247739315033
-0.49155285954475403
-0.8556793928146362
-0.706265389919281
-0.45732057094573975
0.8919351696968079
-0.46711522340774536
-0.7072692513465881
0.35369881987571716
-0.822135329246521
-0.7000972628593445
-0.746041476726532
-0.7933382391929626
-0.8349467515945435
-0.9232891201972961
-0.7333285808563232
-0.8198820352554321
-0.7229546308517456
0.8033629655838013
0.8813239932060242
-0.8490812182426453
-0.9388929605484009
-0.49813392758369446
-0.8250444531440735
-0.6635912656784058
-0.8568402528762817
-0.933784544467926
-0.8655821681022644
-0.6762813329696655
-0.8260573744773865
-0.8860679864883423
-0.5687252283096313
-0.8882128000259399
-0.7875874638557434
-0.8699951767921448
-0.17070522904396057
-0.8430910110473633
-0.8663941025733948
-0.7814304828643799
-0.8647051453590393
0.9282588958740234
-0.39316779375076294
-0.5417506694793701
-0.5929806232452393
-0.9462766647338867
0.3939906656742096
-0.7745477557182312
0.9336183071136475
0.8965244293212891
-0.8838129639625549
0.8790206909179688
-0.7164502739906311
-0.7628413438796997
-0.15821102261543274
-0.7901706695556641
-0.6494156122207642
-0.7479141354560852
-0.8866578340530396
0.7803941369056702
-0.8679999113082886
0.8741522431373596
-0.46159398555755615
-0.7879331111907959
-0.7083855867385864
-0.8973751068115234
-0.8654658198356628
-0.8135274052619934
-0.6093037724494934
-0.6556894779205322
-0.6196947693824768
0.45502740144729614
0.740549623966217
-0.8339883089065552
-0.8823390007019043
-0.4091219902038574
-0.5617227554321289
-0.7516913414001465
-0.7560222744941711
-0.6328690648078918
-0.7541779279708862
-0.8262453675270081
-0.7427003979682922
-0.9161738753318787
-0.7599906325340271
-0.8212752342224121
-0.6790450811386108
-0.8812437057495117
0.7494701147079468
-0.8707484602928162
-0.9387919306755066
-0.9269182682037354
-0.6277673244476318
-0.9332310557365417
-0.3907381296157837
0.33212846517562866
-0.8804891109466553
-0.6571913957595825
-0.8410801887512207
0.280342161655426
-0.8005889058113098
-0.8396939039230347
-0.8288295269012451
0.639051616191864
-0.5264307856559753
-0.7737120985984802
-0.8298606872558594
-0.8260030746459961
-0.608954668045044
-0.782576858997345
-0.859712541103363
-0.6813124418258667
-0.8290897607803345
-0.6204172372817993
0.2909553050994873
-0.7948644757270813
-0.8761115074157715
0.8575301170349121
-0.7543484568595886
-0.41993093490600586
-0.8472496271133423
-0.9329723119735718
-0.6956357955932617
-0.8610982894897461
-0.6840004324913025
-0.6153773069381714
0.4060981571674347
-0.864028811454773
-0.7841533422470093
-0.7118009924888611
-0.7894719243049622
-0.8957136869430542
-0.8412561416625977
-0.8674482703208923
-0.7246371507644653
-0.4381833076477051
0.9107022285461426
-0.7845531105995178
-0.9556472301483154
-0.8823668956756592
-0.7908254265785217
-0.7196897864341736
-0.8465408682823181
-0.5358420610427856
-0.8672645688056946
-0.6834938526153564
-0.8627861738204956
0.8777472376823425
-0.4012208580970764
0.9386676549911499
-0.8093363642692566
-0.5986578464508057
0.8655707240104675
-0.6525713801383972
-0.75603848695755
-0.756428599357605
-0.8457462191581726
-0.7982907295227051
0.9200235605239868
0.5993157029151917
-0.7811034917831421
-0.8416264057159424
0.9219487905502319
-0.7526488304138184
-0.8866079449653625
0.7103134393692017
0.895828127861023
0.05532935634255409
-0.8692232370376587
-0.8661519289016724
-0.846538782119751
-0.846905529499054
-0.9254419207572937
-0.9282571077346802
-0.774050235748291
-0.7742390036582947
-0.7121076583862305
-0.8152716755867004
0.5189611315727234
0.6364859938621521
0.8994340896606445
-0.6264975070953369
-0.6886731386184692
-0.7063616514205933
-0.9441514015197754
-0.8692147731781006
-0.904344916343689
-0.7739229798316956
-0.03987817466259003
0.8281599283218384
-0.40365535020828247
-0.40629321336746216
0.5932828187942505
-0.9085675477981567
-0.701195240020752
0.7956534624099731
-0.8809224963188171
-0.6492890119552612
-0.9354458451271057
-0.9395376443862915
-0.753728985786438
-0.7419619560241699
-0.6387062072753906
-0.9017305970191956
-0.8705924153327942
-0.8963609337806702
-0.7240709066390991
-0.7187575101852417
-0.9003569483757019
0.8632831573486328
-0.7627915143966675
0.9561883807182312
-0.8398312330245972
0.016156375408172607
-0.8369771242141724
-0.6061272621154785
-0.1838286966085434
0.7934146523475647
-0.9117671251296997
0.8577722311019897
0.9378924369812012
-0.8850768208503723
-0.41236612200737
-0.8661486506462097
-0.5346097946166992
-0.8448349237442017
-0.7363409399986267
0.9021328091621399
-0.8197656869888306
-0.8358980417251587
-0.7901545763015747
-0.8223521709442139
-0.26330554485321045
-0.7843334674835205
-0.8318739533424377
-0.8163877725601196
-0.8820787668228149
0.9116184711456299
-0.5417723059654236
-0.7138420343399048
-0.8104694485664368
0.9678266644477844
-0.8205409049987793
-0.14298225939273834
0.8982256650924683
0.7220721244812012
-0.05473620444536209
-0.922826886177063
-0.5519190430641174
-0.8119688034057617
-0.21857944130897522
-0.8188540935516357
-0.5371541976928711
-0.22288767993450165
0.9326812028884888
0.9696066379547119
0.7038717865943909
0.7800939083099365
-0.8100814819335938
-0.8256064057350159
-0.9112380743026733
0.954258143901825
-0.6381298303604126
0.957792341709137
-0.9073067903518677
-0.4184279143810272
-0.8207998275756836
-0.7920573949813843
-0.890356183052063
0.6480780839920044
0.5905753374099731
0.8726407885551453
0.9599884748458862
-0.9067944884300232
-0.05986891686916351
0.5181611776351929
-0.931910514831543
0.7867104411125183
-0.6517302989959717
0.867010235786438
-0.3824852705001831
-0.8907377123832703
-0.5859234929084778
-0.898612916469574
-0.8420029878616333
-0.7535077333450317
-0.8465571403503418
-0.7180794477462769
-0.9090670943260193
-0.8347448110580444
-0.8067842721939087
-0.7912587523460388
-0.13887137174606323
-0.9094896912574768
-0.5405853390693665
-0.8737262487411499
0.7397876381874084
-0.4872097373008728
0.873786985874176
-0.6383613348007202
-0.4302205741405487
-0.8840203881263733
-0.6171431541442871
0.7418307662010193
0.6697422862052917
0.43754851818084717
-0.8186160326004028
0.8090868592262268
-0.47917890548706055
-0.6069673299789429
-0.688568651676178
-0.6183275580406189
-0.8217144012451172
-0.8737782835960388
-0.6787804961204529
0.8841167688369751
-0.8091665506362915
0.41774076223373413
-0.37962085008621216
-0.21696531772613525
-0.2540953755378723
-0.6152591705322266
-0.24806620180606842
-0.6608630418777466
-0.7192612290382385
-0.4893391728401184
0.6372175812721252
-0.688055157661438
-0.7054340839385986
0.4305054843425751
-0.8152121901512146
0.9191726446151733
-0.19407115876674652
-0.7920870780944824
-0.8122522830963135
-0.8194977641105652
-0.8302016258239746
-0.8691847920417786
-0.8374338150024414
-0.8538883328437805
-0.8533645272254944
0.7421970963478088
-0.38979849219322205
-0.9055899381637573
-0.758098840713501
-0.88705974817276
0.9128155708312988
0.937667191028595
0.627507746219635
-0.6554844975471497
0.9229697585105896
-0.6194378137588501
-0.8620326519012451
-0.5863370895385742
0.5663204789161682
-0.6508029103279114
-0.8771010637283325
0.9182126522064209
-0.8655094504356384
0.8744059205055237
-0.8169865012168884
-0.8704327940940857
0.5347206592559814
-0.8713151812553406
-0.8640862703323364
0.9109785556793213
-0.8578423857688904
0.8608954548835754
-0.7907631993293762
-0.3462958335876465
-0.8520304560661316
-0.689695417881012
0.12409088015556335
-0.08103722333908081
-0.9074093103408813
0.3772720694541931
-0.5182012915611267
-0.8256720304489136
0.6936647295951843
-0.6907042264938354
-0.7354151606559753
-0.8052570819854736
-0.5805931687355042
-0.7986724376678467
-0.6956444382667542
-0.8771899342536926
-0.7877109050750732
0.7202048897743225
0.7204875946044922
-0.8895412087440491
-0.8447896838188171
-0.6749985814094543
-0.2965782582759857
-0.6853672862052917
-0.8712893128395081
-0.4262668490409851
-0.8268253207206726
-0.91606605052948
0.6276498436927795
-0.9010216593742371
-0.5617886781692505
-0.8471330404281616
-0.8393219709396362
-0.43459099531173706
-0.8067442774772644
0.6994921565055847
-0.5684527158737183
-0.8076580762863159
-0.5836470127105713
0.9465280175209045
-0.7573246955871582
0.8790168762207031
-0.8266078233718872
-0.6827656626701355
-0.8551484942436218
-0.4982714056968689
-0.9155428409576416
-0.5093269944190979
-0.6449180245399475
0.41002267599105835
-0.756482720375061
-0.6643900871276855
-0.8299598097801208
-0.6795026063919067
-0.6211519241333008
-0.8095530271530151
-0.8916555047035217
-0.4694768190383911
-0.7640632390975952
0.3178431987762451
-0.7398569583892822
-0.5564185380935669
-0.8803203105926514
0.4371246099472046
-0.016462691128253937
-0.4826167821884155
-0.7627695202827454
-0.8756060600280762
0.05309835448861122
-0.8063125014305115
-0.8388014435768127
-0.8452523350715637
-0.7543694376945496
-0.9405173063278198
-0.2613130807876587
0.6875314712524414
0.5575886964797974
0.9307107925415039
0.8574866056442261
-0.5575138330459595
0.94591224193573
-0.7291867136955261
0.12706398963928223
-0.763054370880127
-0.671735405921936
-0.8183596730232239
-0.728997528553009
-0.9381740093231201
-0.7967557907104492
0.9604180455207825
-0.044164374470710754
-0.8395346403121948
-0.20506161451339722
-0.9240860939025879
-0.924785852432251
-0.8929241299629211
0.5112953782081604
-0.8045709729194641
-0.8076919317245483
0.27995458245277405
-0.9040651917457581
-0.9367809891700745
-0.13091112673282623
-0.8295086026191711
-0.9181106090545654
-0.8698760867118835
-0.6454497575759888
-0.5992416739463806
-0.9082135558128357
-0.6569843888282776
-0.8056440353393555
-0.6470112204551697
-0.827888011932373
0.8525081872940063
-0.8433484435081482
-0.768773078918457
-0.9363365173339844
-0.820331335067749
0.30478358268737793
-0.7233923673629761
-0.3558153510093689
-0.10491122305393219
-0.8214238882064819
0.913565456867218
1.0
-0.6872605681419373
-0.8634806871414185
-0.7382397651672363
-0.7299203872680664
-0.8121475577354431
0.8237357139587402
0.555340588092804
0.23826864361763
-0.9061763882637024
-0.4205129146575928
-0.8548667430877686
-0.6948218941688538
0.36196368932724
-0.7212582230567932
0.8470394611358643
-0.8203210830688477
-0.8536675572395325
-0.7714333534240723
-0.7501646876335144
-0.7652296423912048
-0.6140580177307129
-0.679420530796051
-0.6530817747116089
-0.8027040958404541
0.9187681674957275
-0.7041604518890381
-0.757208526134491
-0.7795284986495972
-0.8779816627502441
-0.8460986614227295
-0.8935585021972656
-0.7958332300186157
-0.7835070490837097
0.819783627986908
-0.8914840221405029
-0.26645663380622864
-0.8321884870529175
-0.8470959663391113
0.35542047023773193
-0.6291178464889526
-0.922101616859436
-0.6674708724021912
-0.8137230277061462
-0.33520054817199707
-0.1998339295387268
-0.4898797571659088
-0.8260214328765869
-0.8328359723091125
0.8494611978530884
-0.7399353981018066
-0.7930775284767151
-0.8387473821640015
0.83641117811203
-0.8408061265945435
0.7657430171966553
-0.7032706141471863
-0.9190488457679749
-0.8725525736808777
-0.8075023293495178
-0.7863683700561523
-0.8324297666549683
0.6815135478973389
-0.9074949026107788
-0.8107210397720337
-0.8849671483039856
0.9544517993927002
-0.9421511888504028
0.9128648042678833
-0.6601803302764893
-0.852516770362854
-0.7216120958328247
-0.8132661581039429
-0.7075541019439697
-0.6881377100944519
0.9098733067512512
-0.8377390503883362
1.0
-0.09135688096284866
0.9282166957855225
0.1499796211719513
0.9537034034729004
-0.6550715565681458
-0.9017305374145508
-0.8803790807723999
0.781259298324585
-0.8004332780838013
-0.895427405834198
-0.8674455881118774
-0.6162208318710327
-0.8726230263710022
-0.8631511926651001
-0.824620246887207
0.9007084369659424
-0.8723853826522827
0.9493595361709595
0.9568009376525879
-0.7701932191848755
-0.2862387001514435
-0.7146171927452087
0.4291174113750458
0.49790143966674805
-0.7567688226699829
-0.9321608543395996
0.8556749820709229
-0.8441274166107178
-0.8131880164146423
-0.8719168305397034
-0.7906346321105957
-0.5317782759666443
-0.7968146204948425
0.8813746571540833
-0.8670898079872131
-0.9000409841537476
-0.6584838628768921
-0.8673446774482727
-0.8214898705482483
-0.6455103754997253
-0.8184353113174438
0.1135222539305687
-0.9168336987495422
-0.6997712254524231
-0.8679729104042053
0.7010823488235474
-0.8513760566711426
0.7947539687156677
-0.7457649111747742
-0.8348632454872131
-0.5872819423675537
-0.8872889876365662
-0.7941320538520813
-0.4153246581554413
0.7922765016555786
-0.8683661222457886
-0.8286201357841492
0.7408077716827393
-0.6852890253067017
-0.788022518157959
-0.9415349960327148
-0.8170338273048401
-0.8111205101013184
-0.6540400981903076
-0.41705426573753357
0.9144237637519836
-0.9086368083953857
0.7864359617233276
-0.9094409942626953
-0.30413615703582764
-0.6357190608978271
-0.7995203137397766
-0.9365605115890503
0.9005724191665649
0.7678940296173096
-0.80180823802948
-0.5608538389205933
-0.8094765543937683
0.861587643623352
0.8842178583145142
-0.6401345729827881
-0.7438305616378784
0.8556836843490601
-0.8925555944442749
-0.8373256325721741
-0.859494686126709
-0.6890287399291992
-0.8004561066627502
-0.028467852622270584
-0.8129229545593262
-0.219764843583107
0.9192657470703125
0.9465280175209045
0.8296836614608765
-0.5747807025909424
-0.30849191546440125
0.36238932609558105
-0.428275465965271
-0.7970739603042603
0.8407847881317139
-0.6288797855377197
-0.7330864667892456
-0.20351584255695343
-0.8445865511894226
-0.692004919052124
-0.7843425869941711
-0.02167338877916336
-0.5615072250366211
-0.815888524055481
0.809402346611023
-0.8356637358665466
0.8758059740066528
0.8656110167503357
-0.6785393357276917
-0.888237714767456
-0.024865353479981422
0.5384013652801514
-0.7166377305984497
-0.35002103447914124
-0.8103961944580078
0.3515385687351227
-0.3078831434249878
-0.8476996421813965
0.6845377087593079
-0.8626965284347534
-0.9250321388244629
-0.590248167514801
-0.8086721301078796
-0.8035943508148193
-0.8630310893058777
-0.7251031398773193
-0.8499481081962585
-0.8627884387969971
-0.8874472379684448
-0.9167426824569702
0.6780909895896912
-0.832359254360199
-0.7470123767852783
-0.8030208349227905
0.8123065233230591
-0.8849930763244629
0.046584878116846085
-0.05391332507133484
-0.9148871898651123
-0.1519038826227188
-0.37992680072784424
-0.7939755916595459
0.024767443537712097
-0.8858894109725952
-0.8011683821678162
-0.7932369112968445
-0.8802021145820618
-0.815209686756134
-0.9083602428436279
-0.050623342394828796
-0.03234560415148735
-0.6869062185287476
-0.7939289808273315
-0.46013927459716797
-0.4810803532600403
0.9297369122505188
-0.9242895841598511
-0.5059149861335754
0.7462871670722961
0.830543041229248
-0.7227574586868286
-0.608903706073761
-0.9091395139694214
-0.8096421360969543
-0.6576274633407593
-0.8434485197067261
-0.7695026397705078
-0.8029178380966187
-0.8166376352310181
-0.19149155914783478
-0.8482452630996704
-0.6787123084068298
-0.8705750107765198
-0.8938208222389221
-0.4459506571292877
-0.87737637758255
-0.8472844362258911
-0.8649497032165527
-0.8003346920013428
-0.0050582438707351685
-0.7398937940597534
0.9031506180763245
-0.8431782126426697
0.6915111541748047
0.8594138026237488
-0.008814527653157711
-0.7615059614181519
-0.8904134035110474
0.17703589797019958
-0.9127174019813538
0.6603498458862305
-0.8469929099082947
-0.5232651233673096
0.7143784761428833
0.006345023401081562
0.8684401512145996
-0.35727328062057495
-0.35516780614852905
-0.7756680250167847
-0.6475093364715576
-0.9323286414146423
-0.2550908327102661
-0.1509256809949875
-0.6447356939315796
-0.6793106198310852
-0.7564398050308228
-0.6763652563095093
-0.9401891231536865
-0.8962889313697815
-0.4300219416618347
-0.7309548258781433
-0.6248241066932678
-0.9389142394065857
-0.8515710234642029
-0.8132436275482178
0.7553033828735352
-0.6286273002624512
-0.7291885614395142
0.16284866631031036
-0.8988592624664307
-0.6600696444511414
0.8479397296905518
-0.8935284614562988
-0.7498899102210999
-0.6915593147277832
-0.22758139669895172
0.7444226741790771
-0.34691333770751953
-0.7972003817558289
-0.9029904007911682
0.7945370078086853
-0.28793230652809143
-0.8669898509979248
0.30757611989974976
0.058368273079395294
0.9111007452011108
-0.7641711831092834
0.6807900071144104
0.922885537147522
-0.6404348015785217
0.806769609451294
-0.5555331110954285
-0.9091435670852661
-0.6848648190498352
0.947632908821106
-0.584440290927887
-0.7990542054176331
0.9128453135490417
-0.8099302053451538
-0.7849559187889099
-0.7182875871658325
-0.44324734807014465
-0.8077572584152222
-0.7416987419128418
-0.6725369691848755
0.9163557291030884
-0.49099183082580566
-0.7996597290039062
-0.19171947240829468
-0.8433049917221069
-0.7884090542793274
-0.41923877596855164
-0.8250844478607178
0.9020187258720398
-0.276045560836792
-0.6899206638336182
-0.18612529337406158
-0.9314313530921936
-0.7410143613815308
0.9637695550918579
-0.6680933833122253
0.4860251247882843
-0.8813934326171875
-0.6930302381515503
-0.9090813398361206
0.6372442841529846
0.6571172475814819
-0.8734275102615356
-0.8071768879890442
0.918157696723938
-0.7644075155258179
-0.501022219657898
0.8660735487937927
-0.9033848643302917
-0.8492208123207092
-0.8284062147140503
0.9424615502357483
-0.8506025075912476
-0.5963147878646851
-0.866936445236206
0.1536916345357895
0.47589415311813354
-0.24836622178554535
-0.8461714386940002
0.9463917016983032
-0.386161208152771
-0.8158102631568909
-0.3665173351764679
-0.5557549595832825
-0.7665279507637024
-0.8084399700164795
-0.23382753133773804
-0.903303861618042
0.6705131530761719
-0.8366355299949646
0.7533637881278992
-0.9021296501159668
-0.7056863903999329
-0.714073657989502
-0.8705453276634216
0.8812032341957092
-0.4359912872314453
-0.8669911026954651
-0.29855722188949585
-0.9208858013153076
0.9134303331375122
-0.5954321026802063
0.9275718927383423
-0.4612399935722351
-0.8302049040794373
-0.5190088748931885
-0.8719674944877625
0.14618311822414398
-0.9046289324760437
-0.44992685317993164
-0.7385272979736328
-0.8356160521507263
-0.7117368578910828
-0.88629150390625
0.9350248575210571
-0.8080406188964844
0.8843469619750977
-0.6502604484558105
0.7999247908592224
-0.8881691694259644
-0.7887778878211975
-0.4744666814804077
0.2189788967370987
0.9480406641960144
-0.8336357474327087
-0.8219712972640991
0.5141106247901917
-0.8529595136642456
-0.6026149988174438
0.56150221824646
-0.5601071715354919
-0.6722145676612854
-0.6761810183525085
-0.8675129413604736
-0.6033808588981628
0.49767810106277466
-0.8514140248298645
-0.5836906433105469
0.574081301689148
-0.7617623209953308
0.8739399909973145
-0.592319667339325
-0.9181079864501953
-0.6324223279953003
-0.787333071231842
-0.6823347210884094
-0.8669400215148926
-0.8043813705444336
-0.9185972809791565
-0.8850827217102051
-0.7831538319587708
-0.6017290949821472
-0.6303611397743225
-0.8086403012275696
-0.8756322860717773
-0.7445393800735474
-0.4955574870109558
-0.8166440725326538
-0.8121914267539978
-0.765649676322937
-0.06426960229873657
0.12482263147830963
-0.746401846408844
-0.8545499444007874
-0.8866581916809082
-0.22770452499389648
-0.48504260182380676
-0.9018523693084717
-0.60288405418396
-0.8512031435966492
-0.905665934085846
-0.8284388184547424
0.8728032112121582
-0.8763030171394348
-0.6896180510520935
0.5128213763237
-0.9029229283332825
-0.6715098023414612
-0.6347949504852295
-0.6360610723495483
-0.9347757697105408
0.8657898902893066
-0.9088811278343201
-0.8450546264648438
-0.8319514393806458
-0.341074675321579
-0.47241389751434326
-0.9070510268211365
-0.18421369791030884
-0.918944239616394
-0.09242404997348785
-0.7354311943054199
-0.7828866243362427
-0.8053575754165649
-0.8928496837615967
-0.7990514636039734
-0.7402092218399048
-0.8466846346855164
0.5858447551727295
-0.7060080766677856
-0.9114343523979187
-0.6188535690307617
-0.9221693873405457
-0.7511665225028992
-0.39105522632598877
0.9220012426376343
-0.9092682600021362
-0.7162649035453796
0.18022316694259644
-0.7538262009620667
-0.8758102655410767
-0.8689554333686829
-0.5676205158233643
-0.7942916750907898
-0.8254571557044983
-0.06034304201602936
-0.37972548604011536
-0.34680405259132385
-0.3596767783164978
-0.5238313674926758
-0.895440399646759
-0.8626636266708374
-0.7577174305915833
-0.8196130394935608
-0.7060060501098633
-0.6449360251426697
0.059235528111457825
-0.79389488697052
0.8157025575637817
-0.9038267731666565
-0.828162670135498
-0.8762726187705994
-0.7187260389328003
-0.909977376461029
-0.67518150806427
-0.8674654960632324
-0.7618125677108765
-0.8493544459342957
-0.6750349998474121
-0.6833890676498413
0.652871310710907
-0.829744279384613
0.09799480438232422
-0.7023720145225525
-0.9090772867202759
-0.8322731852531433
0.07341824471950531
-0.8119008541107178
0.8459639549255371
-0.23858359456062317
-0.2958856225013733
0.9237508773803711
-0.8963989019393921
-0.8064321279525757
-0.621003270149231
-0.458304762840271
-0.7634664177894592
0.8869841694831848
0.8662548065185547
-0.9052425622940063
-0.8754446506500244
-0.6135319471359253
-0.38118505477905273
-0.7151138782501221
-0.8108128309249878
0.8851801156997681
0.5931093692779541
-0.3512877821922302
-0.8144505620002747
-0.7435885667800903
-0.8300085067749023
-0.6958885192871094
-0.6799283623695374
0.618353009223938
0.49371933937072754
-0.576895534992218
-0.5736963748931885
-0.5426959991455078
-0.655931830406189
-0.7650450468063354
-0.7186193466186523
-0.8935816884040833
-0.9349920749664307
-0.8005703687667847
-0.8145939111709595
-0.6151061654090881
0.21697935461997986
-0.7109993696212769
-0.8484375476837158
0.9477936029434204
-0.9220080375671387
-0.9056481122970581
0.6737027764320374
-0.8398573994636536
-0.8935692310333252
-0.6473745107650757
-0.4118514657020569
-0.8874561786651611
-0.8220391273498535
0.7373878955841064
0.47566068172454834
-0.8787511587142944
-0.5205118060112
0.5828549861907959
-0.8448875546455383
0.5535382032394409
-0.8636191487312317
-0.8741762638092041
-0.7612977027893066
-0.7088590860366821
-0.6923524141311646
-0.7277272939682007
-0.7862773537635803
0.8962159752845764
-0.6733418107032776
-0.9275445938110352
-0.38922956585884094
-0.6486220359802246
-0.8509196043014526
-0.925654947757721
-0.8932918310165405
-0.819462239742279
-0.7334123849868774
0.9020576477050781
-0.7520239353179932
-0.9683918356895447
-0.7258902192115784
0.7673384547233582
-0.9026323556900024
-0.8212672472000122
-0.6683878898620605
-0.25775036215782166
-0.8687844276428223
-0.8090040683746338
-0.8889675736427307
0.935051679611206
0.8597028255462646
-0.8759213089942932
-0.25148388743400574
-0.8418111801147461
-0.06906191259622574
-0.8395593166351318
-0.8499627113342285
0.347764790058136
-0.8902844190597534
0.6858850121498108
-0.8085960149765015
-0.34735506772994995
-0.7875582575798035
0.7311267852783203
-0.8698171377182007
0.8047927618026733
-0.8521864414215088
-0.7842583656311035
-0.5627279877662659
-0.9065245389938354
-0.7939539551734924
0.7408643364906311
-0.5724701285362244
-0.8548321723937988
-0.5910115838050842
-0.8821703791618347
-0.8812376260757446
-0.7706609964370728
-0.8015599846839905
-0.7060819268226624
-0.8671402335166931
0.9442719221115112
-0.5568757057189941
0.606002926826477
-0.23925253748893738
0.9571679830551147
-0.8880356550216675
-0.8238682150840759
-0.806456446647644
-0.8796359300613403
0.9413891434669495
-0.9203688502311707
-0.7988960146903992
0.9353885650634766
-0.5538641810417175
-0.8174216151237488
-0.2972113788127899
0.939477264881134
-0.5834516286849976
-0.8520216941833496
-0.5646185278892517
-0.8676892518997192
-0.9260289072990417
-0.7481117248535156
-0.9504812359809875
-0.9190022349357605
-0.7942312955856323
-0.38586103916168213
-0.8844308853149414
-0.7405660152435303
-0.868617057800293
-0.8518539667129517
-0.7201480269432068
0.6990235447883606
-0.8872588872909546
-0.22805511951446533
-0.7929031848907471
-0.8526532649993896
-0.8948124647140503
-0.5481629967689514
-0.7116178274154663
-0.8398174047470093
-0.8082112669944763
-0.7021580934524536
-0.8882786631584167
-0.8768569827079773
-0.6872603297233582
-0.8387249112129211
-0.9431616067886353
-0.6668559908866882
-0.11477959901094437
0.4560403823852539
-0.836803674697876
-0.6156080365180969
-0.9272010922431946
-0.8590251207351685
-0.4219411015510559
-0.9034938812255859
0.9538350701332092
-0.9043775796890259
-0.8768254518508911
-0.48941951990127563
-0.6141787171363831
-0.8376887440681458
0.1202075257897377
-0.7534802556037903
-0.3799434006214142
-0.8495736718177795
-0.6646264791488647
-0.6310787796974182
-0.9247554540634155
-0.8058946132659912
-0.8824448585510254
0.7708370685577393
-0.6138583421707153
0.8330317735671997
0.8780983686447144
-0.7708652019500732
0.87017422914505
-0.7348846793174744
-0.47832441329956055
0.8901723623275757
-0.7512961030006409
-0.6129063963890076
0.448024183511734
-0.5913103818893433
0.5285261273384094
-0.5950053334236145
-0.5105205774307251
-0.8738889098167419
-0.8442991375923157
-0.655515193939209
-0.7058112621307373
-0.46083518862724304
0.6873680353164673
-0.7832362055778503
-0.77728670835495
-0.74196857213974
-0.40722447633743286
0.6347902417182922
0.916635274887085
0.3455095589160919
-0.6288233995437622
-0.7717866897583008
-0.5580393671989441
-0.9307864308357239
-0.8945856094360352
-0.8225277066230774
-0.29141533374786377
-0.8399804830551147
-0.7727926969528198
-0.6322299242019653
-0.8739432096481323
0.8439429998397827
-0.3203224241733551
-0.5687071681022644
0.7362852096557617
-0.6897220611572266
-0.8563075661659241
-0.40959787368774414
-0.5979071855545044
-0.7756626605987549
-0.8538961410522461
0.8262383937835693
-0.7737873196601868
-0.926764190196991
-0.6862810850143433
-0.4288765788078308
-0.9628978967666626
-0.8056516647338867
-0.7601416707038879
-0.43547070026397705
-0.8196388483047485
-0.15136635303497314
-0.7685805559158325
-0.838354766368866
-0.6973593235015869
-0.8474913239479065
-0.7856308221817017
-0.6409416198730469
-0.8467573523521423
-0.7857987284660339
-0.7365803718566895
-0.4031863808631897
-0.7902504205703735
-0.8987375497817993
-0.674321174621582
-0.7412304282188416
-0.8947703838348389
-0.6462115049362183
-0.7685885429382324
-0.8238035440444946
-0.8217483758926392
-0.6759904623031616
-0.7757390737533569
-0.8107338547706604
-0.8439903259277344
-0.7663310170173645
-0.776553750038147
-0.8605640530586243
0.9032710790634155
-0.8097575306892395
0.7398822903633118
-0.9128414392471313
-0.5374400019645691
0.8913527727127075
0.7873684167861938
-0.5675066709518433
0.039963413029909134
-0.8777908086776733
-0.8800824880599976
0.8446171283721924
-0.5325348377227783
0.06755594909191132
-0.2618386149406433
-0.9091917276382446
-0.3377266228199005
-0.8719133138656616
-0.7966498136520386
-0.6428449153900146
-0.8738142848014832
0.8904619216918945
-0.9144845008850098
-0.6237414479255676
-0.8219566941261292
0.9213517308235168
-0.6679121851921082
-0.7826240658760071
-0.6539738178253174
-0.9309587478637695
-0.7630792856216431
-0.8628358244895935
0.9214165806770325
-0.6577919721603394
-0.9011783599853516
-0.7831512689590454
-0.8787801265716553
0.11882340908050537
-0.7661651372909546
-0.9352833032608032
0.9513928890228271
-0.8759207129478455
-0.8256521224975586
-0.731997549533844
-0.8689886331558228
-0.7476990222930908
0.7537037134170532
-0.8568016886711121
-0.6454802751541138
-0.8388447165489197
-0.9222558736801147
0.32279109954833984
-0.3425687253475189
-0.8077982664108276
-0.9348324537277222
0.9146091938018799
-0.9217351078987122
-0.906465470790863
-0.9093666076660156
-0.620466947555542
-0.8249304890632629
-0.8924667835235596
-0.8554892539978027
-0.8013817071914673
0.9444928169250488
-0.8777514100074768
-0.9044125080108643
-0.18673162162303925
-0.5332581996917725
-0.8402040004730225
-0.7873244285583496
-0.8437588214874268
-0.8623743653297424
-0.7573897838592529
-0.7885153889656067
-0.9018840789794922
-0.30786579847335815
-0.7960940599441528
-0.875774085521698
0.9200718402862549
-0.7725710272789001
-0.9086084365844727
0.9377777576446533
-0.5394622087478638
-0.7361302375793457
-0.7078664898872375
-0.7947850823402405
0.8743049502372742
-0.8873084783554077
0.9670395851135254
0.5711891651153564
-0.6531054377555847
-0.9154080152511597
0.9211088418960571
-0.7995945811271667
-0.48069655895233154
0.9751958847045898
-0.6498183012008667
-0.7746163606643677
0.7700924873352051
-0.5399770736694336
-0.8688502311706543
-0.762558102607727
0.6185276508331299
-0.41691142320632935
-0.8968591690063477
-0.887515664100647
-0.8855565786361694
-0.7482226490974426
0.7363265752792358
0.9210231900215149
-0.8800697326660156
-0.6144766807556152
0.6556768417358398
-0.8026062846183777
-0.9376261234283447
-0.7411574125289917
-0.7104105949401855
-0.5143148303031921
-0.807317852973938
-0.7334910035133362
0.9573520421981812
-0.7055482864379883
-0.8659844994544983
-0.8845910429954529
-0.9056546092033386
-0.7308450937271118
-0.7687195539474487
-0.8806630969047546
-0.8829654455184937
-0.8601882457733154
-0.4750886559486389
0.8814272880554199
-0.7906355857849121
-0.5528209209442139
-0.729889988899231
-0.7179338932037354
-0.8521372675895691
-0.9028536677360535
0.12755145132541656
-0.7209362983703613
-0.40623345971107483
0.8741064071655273
-0.7480089664459229
-0.6094103455543518
-0.5790585875511169
-0.8958110213279724
0.947992742061615
0.8180561065673828
-0.9185870289802551
0.917425811290741
-0.9439259171485901
0.31530579924583435
-0.05678581818938255
-0.8647522926330566
-0.9165803790092468
-0.897728443145752
-0.7639963030815125
-0.8867152333259583
-0.3036380410194397
-0.26571282744407654
0.9316694140434265
-0.8641306757926941
-0.6754891276359558
-0.7232036590576172
-0.5262469053268433
0.46395254135131836
-0.8122174739837646
0.13306894898414612
-0.7551866769790649
-0.8343892097473145
-0.8771461844444275
-0.8648780584335327
-0.8923810720443726
-0.8374305367469788
-0.5784776210784912
-0.798393189907074
0.06698641926050186
0.21425852179527283
0.8928046822547913
0.8331721425056458
0.8003969192504883
-0.6826332807540894
-0.9299803376197815
0.928433358669281
-0.849868893623352
0.9462286829948425
-0.8107897639274597
0.7452039122581482
-0.5701034665107727
-0.9385643005371094
0.7784109711647034
-0.9024575352668762
-0.3775749206542969
-0.7179350256919861
-0.8032954335212708
-0.7958003282546997
-0.870777428150177
-0.8806437849998474
0.6411619186401367
-0.8350496292114258
-0.9192861318588257
-0.022643301635980606
0.21284258365631104
-0.8315718173980713
-0.8989704847335815
0.7681649923324585
-0.925973653793335
-0.3278607726097107
-0.7345030307769775
-0.07991153001785278
-0.8537328839302063
0.9334779977798462
-0.8821036219596863
0.22283077239990234
-0.42390745878219604
-0.559988260269165
-0.7442395091056824
0.8805016279220581
-0.8335228562355042
-0.6736387014389038
-0.8627458810806274
0.9424495697021484
-0.7055221796035767
-0.592449426651001
-0.18234919011592865
-0.21189236640930176
-0.599612295627594
-0.24147126078605652
0.9480289220809937
-0.0888969674706459
-0.8925421237945557
0.696492075920105
-0.3452147841453552
-0.7681158185005188
-0.7091971039772034
-0.77669358253479
-0.7657967209815979
-0.7432655096054077
-0.7309780716896057
-0.2407923936843872
0.19832780957221985
-0.90048748254776
-0.5986713171005249
-0.8254170417785645
-0.5966527462005615
-0.6398586630821228
0.9195351004600525
-0.7559470534324646
-0.8748136758804321
-0.7773082852363586
-0.5576146841049194
-0.7419289350509644
0.6352260112762451
-0.8610267639160156
-0.636773407459259
-0.8697830438613892
-0.8352298140525818
0.9132900834083557
-0.6879248023033142
-0.7811091542243958
0.7305707931518555
-0.8006384968757629
-0.2603509724140167
-0.7079640030860901
0.5852173566818237
-0.495017945766449
-0.8156758546829224
-0.869880199432373
-0.11453238129615784
-0.767188549041748
-0.7469233274459839
-0.8903060555458069
-0.868675172328949
0.9029216766357422
-0.4786330759525299
-0.7494860291481018
-0.3514951765537262
0.2380501925945282
-0.6401124000549316
-0.6690040230751038
-0.8374378681182861
-0.8773055076599121
-0.7644550800323486
-0.14847177267074585
-0.8158407807350159
-0.8299726247787476
-0.638033390045166
-0.7599597573280334
