-0.9483352303504944
-0.818885326385498
-0.9591513276100159
-0.9331150650978088
-0.9731068015098572
-0.9531375169754028
-0.9804303050041199
-0.7522656917572021
-0.9632410407066345
-0.854809045791626
0.9827459454536438
0.9121177196502686
-0.9502103328704834
-0.9849324226379395
-0.913445234298706
-0.9688786268234253
-0.957611083984375
-0.9757271409034729
-0.7593647837638855
-0.48091766238212585
-0.9588132500648499
-0.7408362030982971
0.9162078499794006
-0.9848119020462036
-0.8010860681533813
-0.9098113179206848
-0.9489151239395142
-0.875032365322113
-0.9644728899002075
-0.9763543605804443
-0.5072106719017029
-0.8377134799957275
-0.6748781204223633
-0.9093684554100037
-0.8557536602020264
-0.9127914905548096
-0.9536988735198975
-0.9662812948226929
-0.9227262139320374
-0.9789435863494873
-0.8652705550193787
0.9565799832344055
-0.9347933530807495
-0.30416199564933777
-0.924899697303772
-0.5408250689506531
-0.9554540514945984
-0.8602182865142822
-0.8746194243431091
-0.8904970288276672
-0.9633840322494507
-0.9589027762413025
-0.7179268598556519
0.9736073017120361
-0.752263069152832
0.9742374420166016
-0.9501863718032837
-0.909270703792572
-0.684375524520874
0.9575746059417725
-0.9804477095603943
-0.9177619814872742
-0.9794180989265442
-0.9679011702537537
-0.9827886819839478
-0.9123679995536804
-0.9367618560791016
-0.8405201435089111
-0.5123331546783447
-0.862403154373169
0.037755876779556274
-0.8884801268577576
-0.9603749513626099
-0.9452137351036072
0.9834054112434387
-0.9554978609085083
-0.9733871817588806
-0.9726178050041199
0.9549398422241211
-0.931774914264679
-0.9117366671562195
0.8233517408370972
-0.9802680015563965
-0.97726970911026
0.7011905908584595
0.9415091276168823
-0.9462710022926331
-0.9692012071609497
0.9112638235092163
-0.9744967222213745
-0.8526830077171326
-0.9521527886390686
-0.8692125082015991
-0.9308050274848938
-0.9696993827819824
-0.7984007596969604
-0.9767587780952454
-0.9207155108451843
-0.7192310690879822
-0.9734324216842651
-0.9738109707832336
-0.9653555154800415
-0.8232870101928711
-0.9823039770126343
-0.9437286257743835
-0.9806995987892151
-0.9812415838241577
-0.9010498523712158
-0.9638494849205017
-0.9145214557647705
-0.24305568635463715
-0.9180537462234497
0.8779345154762268
0.9585916996002197
0.9520600438117981
0.8949825167655945
-0.9823379516601562
0.4665079414844513
-0.9305463433265686
-0.9727385640144348
0.8504695892333984
-0.9479867815971375
0.9310715198516846
-0.9555898904800415
-0.5245442986488342
-0.7572399377822876
-0.7643054723739624
-0.9292356967926025
-0.9765564203262329
-0.9712026715278625
-0.9914631843566895
0.8494853973388672
-0.9790579676628113
-0.9072548151016235
-0.930291473865509
-0.9671086668968201
0.9495424032211304
-0.6386896967887878
0.9789024591445923
-0.913213849067688
0.8524962067604065
-0.985166609287262
-0.8874874114990234
-0.987625002861023
-0.9266070127487183
-0.9850488901138306
-0.8759536743164062
-0.7254841923713684
-0.9548777937889099
-0.8663533926010132
-0.9842327833175659
-0.9837446808815002
-0.9838743209838867
-0.9320005178451538
0.873598575592041
-0.9841908812522888
-0.9209402799606323
-0.9717047810554504
-0.9784422516822815
-0.9444634914398193
0.9645476341247559
0.9796297550201416
-0.7356678247451782
-0.9404574632644653
0.8805219531059265
0.9091306328773499
-0.9670447707176208
-0.9371964335441589
0.29788443446159363
-0.8753952980041504
-0.9686497449874878
-0.9707404375076294
0.8362387418746948
-0.8932486772537231
-0.8829285502433777
-0.9846312403678894
0.9480377435684204
-0.7731866836547852
-0.5697177052497864
-0.9573996663093567
-0.8733952641487122
-0.9329003691673279
-0.9584879279136658
0.9809068441390991
-0.9750983715057373
-0.9426257610321045
-0.9598307609558105
-0.9911270141601562
-0.9665651321411133
-0.9715762138366699
-0.9227137565612793
-0.8352400064468384
-0.9375277757644653
-0.9637191891670227
-0.9762662649154663
-0.9356602430343628
-0.9599793553352356
-0.7697718143463135
-0.9055489301681519
-0.9555760025978088
-0.9580159187316895
-0.9493868947029114
-0.5009087920188904
-0.5246543288230896
-0.6544542908668518
-0.8105357885360718
-0.9584148526191711
0.367569237947464
-0.5719930529594421
-0.8042165637016296
-0.8392066955566406
0.9527029991149902
-0.9050850868225098
-0.9718879461288452
-0.9753251671791077
-0.36723196506500244
-0.9806275963783264
-0.8703874349594116
-0.9740079045295715
-0.9461936950683594
-0.9596964120864868
-0.8922120928764343
-0.973124623298645
-0.9838780164718628
-0.3681548535823822
-0.9827134609222412
-0.4453722834587097
-0.9624152183532715
-0.9262245893478394
0.9198145270347595
-0.9784827828407288
-0.9296130537986755
-0.9003576636314392
-0.9365503191947937
-0.9823566675186157
-0.9642480611801147
-0.9743178486824036
-0.9345934987068176
-0.950964629650116
-0.8929930329322815
-0.9301280379295349
-0.9739325046539307
0.9432729482650757
-0.9276828765869141
0.8384149074554443
-0.9578110575675964
-0.9111315011978149
-0.9744925498962402
0.4424346387386322
0.6879880428314209
-0.9684586524963379
-0.5181095600128174
-0.9453431963920593
0.9677768349647522
-0.9780124425888062
-0.970919668674469
-0.7040693759918213
-0.9836182594299316
-0.9806665182113647
-0.7019076943397522
-0.9655782580375671
-0.9848127961158752
-0.9377480745315552
-0.9269718527793884
0.24744409322738647
-0.7391541004180908
-0.921951949596405
-0.9626648426055908
-0.6769686937332153
-0.8872004747390747
0.9053162932395935
-0.9820395112037659
-0.9539852738380432
-0.5830059051513672
-0.9729093909263611
-0.8946925401687622
0.6588128805160522
-0.5459225177764893
-0.9692351818084717
-0.9683440923690796
-0.8618216514587402
0.7503529787063599
-0.9451053738594055
-0.9552194476127625
0.9554452896118164
-0.9558132290840149
-0.9457124471664429
-0.9691053032875061
-0.8496886491775513
-0.9180361032485962
-0.8026699423789978
-0.9099101424217224
0.5503517985343933
-0.40041583776474
0.6471514105796814
-0.9527595639228821
-0.9647244215011597
0.9858933091163635
-0.9678824543952942
-0.9080798625946045
-0.9738507270812988
0.8415237665176392
-0.9531062841415405
-0.8008862733840942
-0.9268269538879395
-0.8901874423027039
-0.8458595275878906
-0.9877938032150269
-0.9793124198913574
-0.929517924785614
-0.8147409558296204
-0.9622650742530823
-0.965686559677124
-0.9628423452377319
-0.9316776990890503
-0.9102890491485596
-0.9667889475822449
-0.7641229033470154
-0.9703792929649353
-0.9028275609016418
-0.8857311606407166
-0.9533611536026001
-0.7357847094535828
-0.9299695491790771
-0.9696940183639526
-0.883440375328064
-0.9727737307548523
-0.9821996688842773
-0.8467117547988892
-0.9321838617324829
-0.9761745929718018
-0.9733752608299255
-0.9402759075164795
-0.3967270255088806
-0.9667776226997375
0.8977345824241638
0.5419943332672119
-0.9435363411903381
0.9699370265007019
-0.9188207983970642
-0.9211122989654541
-0.8448587656021118
-0.839591383934021
-0.9329076409339905
-0.794545590877533
0.9668689966201782
-0.7816544771194458
-0.9710111618041992
-0.836871862411499
-0.8900262713432312
0.9507705569267273
-0.7992902398109436
-0.9670931696891785
-0.98319011926651
-0.8287851214408875
0.9170204401016235
-0.9755294322967529
-0.913262665271759
-0.9870009422302246
-0.9147575497627258
-0.8867711424827576
-0.49147745966911316
-0.9653478264808655
-0.9833191633224487
0.98859703540802
-0.9499045014381409
-0.9295464158058167
-0.9159570336341858
-0.8757011890411377
-0.9045474529266357
-0.9057493209838867
-0.8109878301620483
0.9559717774391174
-0.904599666595459
-0.9163534045219421
-0.7464760541915894
0.9016218781471252
-0.9071947336196899
-0.4968740940093994
-0.7252930998802185
-0.9393351674079895
-0.9727646112442017
-0.9632204174995422
-0.8182322382926941
-0.9873208999633789
-0.9522391557693481
-0.861812949180603
-0.956223726272583
0.9669157862663269
0.5642791986465454
-0.9504706859588623
-0.2271546721458435
-0.9810787439346313
-0.6389479637145996
-0.8912531137466431
-0.9690225124359131
-0.7995516061782837
-0.9553874135017395
-0.6064454913139343
0.9721609354019165
-0.953349232673645
-0.9319691061973572
0.9126169681549072
-0.9114955067634583
-0.9735236763954163
-0.9420609474182129
-0.9701345562934875
-0.9687904119491577
-0.9846233129501343
-0.9619478583335876
-0.9791207313537598
-0.9781290292739868
0.9729943871498108
0.985292911529541
-0.9873759150505066
-0.9669747352600098
-0.9144610166549683
-0.9722075462341309
-0.7605087161064148
-0.9356656074523926
-0.9613014459609985
-0.9824209809303284
-0.5145954489707947
-0.9301465749740601
-0.9881086349487305
-0.7459888458251953
-0.9688823223114014
-0.9217616319656372
-0.9286825656890869
-0.77652508020401
-0.9513459801673889
-0.9674699902534485
-0.939116358757019
-0.9855077862739563
0.9727396965026855
-0.4106931686401367
-0.7391304969787598
-0.9566246867179871
-0.966778576374054
0.5603262186050415
-0.9484384059906006
0.9697048664093018
0.959602952003479
-0.9804943799972534
0.7948729991912842
-0.9463988542556763
-0.9804034233093262
-0.971266508102417
-0.9264540076255798
-0.8709683418273926
-0.9641083478927612
-0.9842228293418884
0.3267677426338196
-0.9429574012756348
0.9289677739143372
-0.8492797613143921
-0.9706568121910095
-0.8322890996932983
-0.9776151180267334
-0.9588713049888611
-0.8951770067214966
-0.8779601454734802
-0.9424256086349487
-0.8562857508659363
0.2760186195373535
0.9209322333335876
-0.9767928719520569
-0.9551091194152832
-0.34319472312927246
-0.6504389047622681
-0.9667428731918335
-0.9755150079727173
-0.9819507002830505
-0.8781188130378723
-0.9108679294586182
-0.8961396813392639
-0.9853006601333618
-0.5086448192596436
-0.9483245015144348
-0.9450367093086243
-0.9156750440597534
0.8900551199913025
-0.9716539978981018
-0.9695976376533508
-0.9768205881118774
-0.9730625152587891
-0.9026577472686768
-0.8850517272949219
-0.9531162977218628
-0.972173810005188
-0.9788869023323059
-0.9293617010116577
-0.6409857869148254
-0.9591066241264343
-0.9356259107589722
-0.9831271171569824
0.9493918418884277
-0.9854697585105896
-0.9600052237510681
-0.9757270812988281
-0.9438515305519104
-0.859275758266449
-0.974389910697937
-0.9427226781845093
-0.8220939636230469
-0.9802416563034058
-0.6294826865196228
0.7632686495780945
-0.9762148261070251
-0.9134888648986816
0.8966018557548523
-0.9816775321960449
-0.9661518931388855
-0.9368029236793518
-0.7914678454399109
-0.8000058531761169
-0.8995498418807983
-0.9635413885116577
-0.5961723923683167
0.5783783793449402
-0.9727658629417419
-0.9733234643936157
-0.9716777801513672
-0.9566299319267273
-0.9424217939376831
-0.9770916700363159
-0.9624246954917908
-0.907258152961731
0.30593010783195496
0.9664812088012695
-0.8859276175498962
-0.9277325868606567
-0.9463006258010864
-0.8672561645507812
-0.9448099732398987
-0.9848827123641968
-0.9396481513977051
-0.9461041688919067
-0.958701491355896
-0.9637956619262695
0.8846150636672974
-0.6956923604011536
0.9452208280563354
-0.9717298746109009
-0.9387603402137756
0.9466724395751953
-0.6965882778167725
-0.9536352157592773
-0.18541033565998077
-0.9441561698913574
-0.951097309589386
0.9785251021385193
-0.25521552562713623
-0.9322546720504761
-0.8060426712036133
0.9826679825782776
-0.9719631671905518
-0.9581416249275208
0.8270708322525024
0.9775770306587219
-0.9698705673217773
-0.891386866569519
-0.9612492322921753
-0.960637629032135
-0.6128920316696167
-0.9568766355514526
-0.9776387214660645
-0.11448589712381363
-0.9748513698577881
-0.9715704917907715
-0.9649816751480103
0.38977038860321045
-0.7888351082801819
0.9503391981124878
-0.8958355784416199
-0.7366418242454529
-0.948926568031311
-0.9674504399299622
-0.9804908037185669
-0.9369097948074341
-0.9438655376434326
-0.5536680817604065
0.9396271705627441
-0.5188522338867188
0.2685156464576721
-0.4823938012123108
-0.9676624536514282
-0.9325007796287537
0.9324687123298645
-0.9728736281394958
-0.950128436088562
-0.9549708366394043
-0.9841411709785461
-0.9586459994316101
-0.9169567227363586
-0.8955451250076294
-0.9609065651893616
-0.9037227630615234
-0.9802238345146179
-0.8725062608718872
-0.9326270818710327
-0.9657787084579468
0.8631556630134583
-0.949462890625
0.9561575651168823
-0.9520549774169922
-0.3043171763420105
-0.8158358931541443
-0.7612755298614502
0.1295233964920044
0.9650541543960571
-0.9428846836090088
0.9127634763717651
0.9881031513214111
-0.9564868807792664
-0.9650871157646179
-0.9758252501487732
-0.9548014402389526
-0.9403924345970154
-0.9468218088150024
0.9814311265945435
-0.9776223301887512
-0.95036780834198
-0.9605377912521362
-0.8634079098701477
-0.4641258120536804
-0.9675825834274292
-0.9402086734771729
-0.9404749870300293
-0.9627853035926819
0.9550317525863647
-0.9373680353164673
-0.8053183555603027
-0.9443761706352234
0.9849351644515991
-0.9807218909263611
-0.22336944937705994
0.9674151539802551
0.5283513069152832
-0.9750229120254517
-0.9510477781295776
-0.970225989818573
-0.9486589431762695
-0.9346464276313782
-0.9663485288619995
-0.8719202876091003
-0.24104690551757812
0.9677602648735046
0.9834259748458862
0.9364984631538391
0.8911784887313843
-0.9844186305999756
-0.9510747194290161
-0.9820879697799683
0.9664732217788696
-0.9338542819023132
0.9842146635055542
-0.972418487071991
-0.8150309324264526
-0.9019906520843506
-0.8531220555305481
-0.9204206466674805
-0.8067039251327515
-0.386231005191803
0.5792363882064819
0.9846266508102417
-0.9419370889663696
-0.8103223443031311
0.2601165175437927
-0.9578762054443359
0.9249248504638672
-0.6817865371704102
0.915355920791626
-0.9825752973556519
-0.9811850786209106
-0.9778590202331543
-0.9856764078140259
-0.9727787375450134
-0.8396517038345337
-0.9822807312011719
-0.9327753186225891
-0.9434208869934082
-0.9873999953269958
-0.9477401375770569
-0.9755328893661499
-0.8530551195144653
-0.9398536682128906
-0.9392942190170288
-0.9716526865959167
-0.35432949662208557
-0.7205250859260559
0.9230284690856934
-0.6742143630981445
-0.9690706729888916
-0.9703299403190613
-0.7898679971694946
0.9385606646537781
0.9362673759460449
0.9488080739974976
-0.8413558006286621
-0.11624689400196075
-0.9485877156257629
-0.9549709558486938
-0.9207113981246948
-0.41757330298423767
-0.824846088886261
-0.9491843581199646
-0.825195848941803
0.9689431190490723
-0.9110106825828552
0.09566754102706909
-0.8549286723136902
0.0010243728756904602
-0.9680226445198059
-0.9427152276039124
0.9064162969589233
-0.8291236758232117
-0.9698524475097656
-0.7978019118309021
0.7362126111984253
-0.9619783163070679
-0.8188679218292236
-0.3000507950782776
-0.8954381346702576
0.9739450216293335
-0.7809182405471802
-0.9671528339385986
-0.9477208852767944
-0.9801055192947388
-0.9666084051132202
-0.975712776184082
-0.9384998083114624
-0.7914471626281738
-0.9260671138763428
0.5614869594573975
-0.838440477848053
-0.9824041128158569
-0.9458519220352173
-0.8187294006347656
0.9735691547393799
0.9852979183197021
-0.8823518753051758
-0.6420873999595642
0.9538521766662598
-0.8362205028533936
-0.9730885028839111
-0.9341675043106079
0.6984012126922607
-0.7393217086791992
-0.9217299818992615
0.9801921844482422
-0.9602758288383484
0.9609144926071167
-0.96120685338974
-0.9362080693244934
0.40534210205078125
-0.9056748151779175
-0.956377387046814
0.9603996276855469
-0.8946518898010254
0.9519537687301636
-0.97029709815979
-0.7258588075637817
-0.9513864517211914
-0.9208979606628418
-0.06922104209661484
-0.9791406393051147
-0.9793961048126221
0.806917667388916
-0.726061224937439
-0.9798083305358887
-0.7645365595817566
-0.5805454254150391
-0.9580392241477966
-0.7250974178314209
-0.8557677268981934
-0.9399120807647705
-0.9092869758605957
-0.9431794285774231
-0.9841368794441223
0.9072539210319519
0.7115989327430725
-0.8980659246444702
-0.9782541394233704
-0.6689364910125732
-0.6939882040023804
-0.9691935777664185
-0.9465811848640442
-0.8939303755760193
-0.9650593996047974
-0.9743140935897827
-0.07696044445037842
-0.9848838448524475
-0.9195843935012817
-0.9668067693710327
-0.9828225374221802
-0.9521559476852417
-0.9758912324905396
-0.31688398122787476
-0.929618775844574
-0.9813013672828674
-0.8979718089103699
0.9004586935043335
-0.9753004312515259
0.9770750999450684
-0.948724627494812
-0.7441543340682983
-0.9728879928588867
-0.8526172637939453
-0.9808494448661804
-0.8620845675468445
-0.8068990707397461
-0.25958913564682007
-0.9607017636299133
-0.7432878017425537
-0.9597635269165039
-0.7964420914649963
-0.9795036315917969
-0.930551290512085
-0.9637147188186646
-0.94283127784729
-0.9226192235946655
0.8984545469284058
-0.9624552130699158
-0.9692752957344055
-0.9886583089828491
-0.953209400177002
-0.9307363629341125
-0.9028418064117432
-0.9503805041313171
-0.9569315910339355
-0.9174124002456665
-0.9667547345161438
-0.925741970539093
-0.9520586133003235
-0.9160957336425781
-0.963178813457489
-0.814552366733551
-0.6457704305648804
-0.6731090545654297
0.8812195062637329
0.9647325277328491
-0.8730385899543762
0.9809243083000183
-0.9704960584640503
-0.7871756553649902
-0.9038105010986328
-0.9054022431373596
-0.9746220111846924
-0.923048198223114
-0.942080020904541
-0.9314476251602173
0.9862388372421265
-0.9722034335136414
-0.8852475881576538
-0.6096743941307068
-0.9824750423431396
-0.9820390939712524
-0.98258376121521
0.6887263059616089
-0.9581668972969055
-0.9713751077651978
-0.1962989717721939
-0.9551377296447754
-0.981956958770752
-0.9608417749404907
-0.9594733715057373
-0.9771124124526978
-0.9845053553581238
-0.5621070265769958
-0.8405274748802185
-0.9809757471084595
-0.962462842464447
-0.9654186964035034
-0.8312586545944214
-0.98112553358078
0.6614275574684143
-0.9303964972496033
-0.9754210710525513
-0.9703181982040405
-0.9374507665634155
-0.895194947719574
-0.9245301485061646
-0.4725745916366577
-0.9619686603546143
-0.4934310019016266
0.9649844169616699
1.0
-0.7743561267852783
-0.9833990335464478
-0.8392558097839355
-0.950810968875885
-0.9683094620704651
0.9487749934196472
-0.08416641503572464
-0.9207471609115601
-0.9261558055877686
0.06587117910385132
-0.9621843099594116
-0.7455738186836243
0.036237191408872604
-0.9347745180130005
0.25366732478141785
-0.9551711678504944
-0.969562292098999
-0.7993490099906921
-0.9639838933944702
-0.9604438543319702
-0.8713752627372742
-0.7725072503089905
-0.9878434538841248
-0.9010775089263916
0.9804530143737793
-0.951318621635437
-0.9442030191421509
-0.9656736850738525
-0.9748927354812622
-0.7700198888778687
-0.9602068662643433
-0.9267231822013855
-0.9596199989318848
0.9706777334213257
-0.9803321361541748
-0.9225953817367554
-0.8026156425476074
-0.8975522518157959
0.12195903807878494
-0.5185002088546753
-0.9148509502410889
-0.8648996353149414
-0.9815467000007629
-0.44738543033599854
-0.9453611373901367
-0.6917496919631958
-0.9681519269943237
-0.9740892648696899
0.9616743922233582
-0.9582645297050476
-0.9618411660194397
-0.9587951898574829
0.8496086001396179
-0.9697615504264832
0.9581810832023621
-0.8894366025924683
-0.9353070259094238
-0.9312620162963867
-0.9467016458511353
-0.9366865754127502
-0.962654709815979
0.6457967162132263
-0.9351871013641357
-0.9517643451690674
-0.9629390239715576
0.9744642972946167
-0.9726570844650269
0.9670608639717102
-0.9267372488975525
-0.9786152839660645
-0.9042425751686096
-0.9544121026992798
-0.8862093687057495
-0.8847894072532654
0.9889379739761353
-0.9434751272201538
0.9999999403953552
0.9212421178817749
0.9834022521972656
-0.07620546221733093
0.9793115258216858
-0.938431978225708
-0.9430094957351685
-0.9706506729125977
0.9599595069885254
-0.9656583070755005
-0.9577383399009705
-0.9654264450073242
-0.9738127589225769
-0.9651235342025757
-0.9662368893623352
-0.952110767364502
0.916852593421936
-0.8293725848197937
0.9603880047798157
0.9673857092857361
-0.9668915867805481
-0.506771981716156
-0.9714114665985107
0.002032107673585415
0.7203355431556702
-0.9329602122306824
-0.96690833568573
0.96333247423172
-0.9758021235466003
-0.9875438213348389
-0.9562495350837708
-0.9612447619438171
-0.9467632174491882
-0.8510112166404724
0.9666921496391296
-0.9654257893562317
-0.8774867653846741
-0.967689037322998
-0.965063214302063
-0.9619389772415161
-0.01263982430100441
-0.8420960307121277
0.7759149670600891
-0.9764135479927063
-0.8750390410423279
-0.983012855052948
0.3422984778881073
-0.9551945924758911
0.9272583723068237
-0.9323233962059021
-0.7662937641143799
-0.9430028796195984
-0.979828417301178
-0.9865358471870422
-0.8282361030578613
0.9029033780097961
-0.9819543361663818
-0.9711016416549683
-0.47496214509010315
-0.9743520617485046
-0.25153741240501404
-0.979621410369873
-0.6250706911087036
-0.9137411117553711
-0.9689682722091675
-0.8081309795379639
0.9424827694892883
-0.9762792587280273
0.6721094250679016
-0.9472000598907471
-0.9712571501731873
-0.9622246623039246
-0.9676060676574707
-0.964698076248169
0.9603472352027893
0.9142955541610718
-0.8262699842453003
-0.8954630494117737
-0.9245235919952393
0.9312405586242676
0.9742366075515747
-0.7644173502922058
-0.9701293110847473
0.9551497101783752
-0.9520328044891357
-0.9716975688934326
-0.9648769497871399
-0.8471465706825256
-0.9617105722427368
-0.1670016050338745
-0.9715899229049683
-0.11660441756248474
0.9287477731704712
0.9004586935043335
0.9102537631988525
-0.9591217041015625
-0.5166014432907104
-0.9198725819587708
-0.9621925950050354
-0.9199341535568237
0.8572214841842651
-0.9334521889686584
0.08187249302864075
-0.9277621507644653
-0.9320969581604004
-0.9410671591758728
-0.9709567427635193
-0.8081867694854736
-0.9838748574256897
-0.9746514558792114
0.8539491891860962
-0.9815661907196045
0.972758948802948
0.9715991616249084
-0.9340693354606628
-0.9757941961288452
-0.41039803624153137
-0.18509401381015778
-0.9756581783294678
-0.25192031264305115
-0.9818300604820251
0.8095691204071045
-0.19340208172798157
-0.9656398296356201
0.5762261748313904
-0.9587878584861755
-0.9402893781661987
-0.8960427045822144
-0.9751453995704651
-0.9405590891838074
-0.9089195132255554
-0.9492512345314026
-0.8095912337303162
-0.9622485041618347
-0.9703238606452942
-0.9743943214416504
0.9335535168647766
-0.9242711067199707
-0.947592556476593
-0.9598032832145691
0.9496407508850098
-0.9607020616531372
0.9176957607269287
-0.6912091970443726
-0.9714260101318359
-0.9057446122169495
-0.8051724433898926
-0.9814168810844421
-0.9304871559143066
-0.980249285697937
-0.9685447812080383
-0.9731327891349792
-0.976611852645874
-0.9819515347480774
-0.9484230279922485
-0.8700463175773621
0.3890519142150879
-0.9609867334365845
-0.9023328423500061
-0.7101743221282959
-0.12383387982845306
0.9250966310501099
-0.7652114629745483
-0.9327922463417053
0.6279246807098389
0.9584566354751587
-0.9814128279685974
-0.7641985416412354
-0.9725685715675354
-0.9453881978988647
-0.8321893215179443
-0.9543323516845703
-0.9520426988601685
-0.9538116455078125
-0.864756166934967
-0.4195359945297241
-0.980681300163269
-0.925531804561615
-0.9684959053993225
-0.9587579965591431
-0.480388343334198
-0.8970974683761597
-0.942318856716156
-0.9842327833175659
-0.924996018409729
0.7625748515129089
-0.9714542627334595
0.9596791863441467
-0.9763796925544739
0.8923771977424622
0.9744167327880859
-0.9363263249397278
-0.9207382798194885
-0.9639579057693481
-0.3830910623073578
-0.9674578309059143
0.6310343742370605
-0.9867366552352905
-0.9002910852432251
0.9371243119239807
-0.9058395624160767
0.9306549429893494
-0.7352730631828308
-0.9073652625083923
-0.9481802582740784
-0.951207160949707
-0.9729512929916382
-0.808530330657959
-0.9296932220458984
-0.9739631414413452
-0.9202293157577515
-0.846620500087738
-0.9063897728919983
-0.9660055041313171
-0.9485690593719482
-0.8448635935783386
-0.8444603085517883
-0.7132163643836975
-0.9548238515853882
-0.9700614809989929
-0.9077998399734497
0.9618957042694092
-0.8444967269897461
-0.9672596454620361
0.3580181896686554
-0.9506341218948364
-0.9597285985946655
0.900786280632019
-0.9832378625869751
-0.7470827698707581
-0.8710174560546875
-0.917839765548706
0.43925172090530396
-0.7242550253868103
-0.9095782041549683
-0.968403697013855
0.9471420645713806
-0.8452033996582031
-0.9822208881378174
0.7136874198913574
-0.18510761857032776
0.9761611223220825
-0.9715728759765625
0.6368503570556641
0.9661023616790771
0.8283812403678894
0.7900023460388184
-0.8052982687950134
-0.9786447286605835
-0.9136751890182495
0.9676358103752136
-0.7646378874778748
-0.9832884669303894
0.9345258474349976
-0.9139629006385803
-0.9676558971405029
-0.8521547317504883
-0.8131002187728882
-0.9539710283279419
-0.9796714782714844
-0.8677796721458435
0.9562111496925354
-0.4869336783885956
-0.9327843189239502
0.9208066463470459
-0.9836702346801758
-0.9692457318305969
-0.938502311706543
-0.9339501857757568
0.9885157346725464
-0.3882983922958374
-0.9544824361801147
-0.28708598017692566
-0.975257158279419
-0.9674654006958008
0.9853420257568359
-0.9588188529014587
0.23796731233596802
-0.9722678065299988
-0.889500617980957
-0.9656755328178406
0.9125090837478638
-0.26372236013412476
-0.9682883620262146
-0.984662652015686
0.9641086459159851
-0.8340771794319153
-0.8970027565956116
0.9707298278808594
-0.9651904106140137
-0.9807471036911011
-0.8410446643829346
0.9770491123199463
-0.9762652516365051
-0.8294421434402466
-0.9762524962425232
-0.915941596031189
-0.4513412117958069
0.8391373157501221
-0.9750341773033142
0.9727720022201538
-0.9281501173973083
-0.9203951954841614
-0.9558639526367188
-0.9821110963821411
-0.8472175598144531
-0.9862433671951294
-0.8203483819961548
-0.9734849333763123
0.06111522391438484
-0.9659403562545776
0.5768134593963623
-0.9503034353256226
-0.9130711555480957
-0.5228750705718994
-0.9692421555519104
0.9042774438858032
-0.7849938869476318
-0.9106163382530212
-0.2699066996574402
-0.9369795918464661
0.9270689487457275
-0.35863733291625977
0.989948034286499
-0.8566399216651917
-0.9258726835250854
-0.9575140476226807
-0.9333575963973999
-0.5180822610855103
-0.8883912563323975
-0.9214385747909546
-0.9577591419219971
-0.9820758104324341
-0.8345226049423218
-0.9678176045417786
0.9380877614021301
-0.8684867024421692
0.971208393573761
-0.928684413433075
0.5642327666282654
-0.9588570594787598
-0.8704822659492493
-0.8999025225639343
-0.961794376373291
0.9347333908081055
-0.8828533887863159
-0.9830600619316101
-0.9345847964286804
-0.9869943857192993
-0.9284415245056152
-0.8482295274734497
-0.9333962202072144
-0.7990866899490356
-0.9759811162948608
-0.9405991435050964
-0.9504656791687012
-0.7536020278930664
-0.9714937210083008
-0.9128033518791199
0.6667492985725403
-0.8884029388427734
0.9819780588150024
-0.9464731216430664
-0.9474171996116638
-0.254145085811615
-0.9213780760765076
-0.9394572973251343
-0.9904075264930725
-0.9745580554008484
-0.9536551237106323
-0.9897222518920898
-0.9804345965385437
-0.917445719242096
-0.9694592356681824
-0.982952892780304
-0.982388973236084
-0.8538126945495605
-0.3634487986564636
-0.42356282472610474
-0.9320812225341797
-0.7878870964050293
-0.9394881725311279
-0.599301278591156
-0.9802752137184143
-0.9800664782524109
-0.9809346199035645
-0.9180707931518555
-0.8544571995735168
-0.9524827003479004
-0.790940523147583
-0.9613598585128784
-0.974023163318634
-0.9522188305854797
0.9764695167541504
-0.9927750825881958
-0.9713784456253052
0.47710224986076355
-0.9706544876098633
-0.8182274699211121
-0.8986153602600098
-0.9911032319068909
-0.9540631771087646
0.9546725153923035
-0.9538900852203369
-0.9725956916809082
-0.9796609878540039
-0.7599871754646301
-0.8506041765213013
-0.979942798614502
-0.8110129833221436
-0.9547905921936035
-0.4421063959598541
-0.680382251739502
-0.9199874997138977
-0.8904029130935669
-0.9459542036056519
-0.9884139895439148
-0.6383850574493408
-0.9692713022232056
0.7898533344268799
-0.9761068224906921
-0.8817192912101746
-0.8924844861030579
-0.9648927450180054
-0.9621282815933228
-0.8629773259162903
0.9331536889076233
-0.9483005404472351
-0.9365348815917969
0.5530897974967957
-0.9116119146347046
-0.9471263289451599
-0.9539262652397156
-0.9672555923461914
-0.9842082262039185
-0.9486710429191589
-0.7424686551094055
-0.6960174441337585
-0.7896986603736877
-0.07132124900817871
-0.8167424201965332
-0.9750350117683411
-0.9593268036842346
-0.9567986726760864
-0.9864967465400696
-0.9494794607162476
0.7881433367729187
0.12933844327926636
-0.9653950929641724
0.9190157651901245
-0.9741590619087219
-0.9628640413284302
-0.9520620703697205
-0.7366118431091309
-0.9687385559082031
-0.7573453783988953
-0.9274771809577942
-0.8468248248100281
-0.9624021053314209
-0.5673342943191528
-0.796596884727478
0.9623856544494629
-0.9668223857879639
-0.8658157587051392
-0.8880938291549683
-0.9869920015335083
-0.9576157331466675
0.038647860288619995
-0.9576210379600525
0.9644680619239807
-0.5782647132873535
-0.2917219400405884
0.9544906616210938
-0.9796158075332642
-0.9697493314743042
-0.9750008583068848
-0.9802505970001221
-0.9701736569404602
0.4560665190219879
0.894314169883728
-0.9479409456253052
-0.9656345248222351
-0.8750742077827454
-0.696196973323822
-0.9508248567581177
-0.9674053192138672
0.9634829163551331
-0.5130804777145386
-0.7394081950187683
-0.9432792067527771
-0.9562754034996033
-0.9576836824417114
-0.9288593530654907
-0.8423957824707031
-0.009099047631025314
-0.6795170307159424
-0.9760867953300476
-0.9423173666000366
-0.4367011785507202
-0.9093969464302063
-0.9474280476570129
-0.9167368412017822
-0.9254053831100464
-0.963329553604126
-0.9518022537231445
-0.7723411917686462
-0.8634549379348755
-0.3784250020980835
-0.9801562428474426
-0.9436431527137756
0.9789631962776184
-0.9529948830604553
-0.9763472080230713
0.7836026549339294
-0.9782423377037048
-0.9692113995552063
-0.8858029842376709
-0.29824474453926086
-0.9662725329399109
-0.9742704033851624
0.1942160576581955
0.3346937894821167
-0.9649325609207153
-0.942258358001709
-0.2824065089225769
-0.9763985276222229
-0.9033292531967163
-0.9372518658638
-0.9840601086616516
-0.9424322843551636
-0.9069533944129944
-0.7995551824569702
-0.9792916774749756
-0.8981132507324219
0.964996337890625
-0.913719117641449
-0.9533915519714355
-0.9011359214782715
-0.7473936080932617
-0.98931485414505
-0.9664604663848877
-0.9853157997131348
-0.9205033779144287
-0.964613676071167
0.9627666473388672
-0.905854344367981
-0.9372138977050781
-0.9344260096549988
0.9432100057601929
-0.9445831179618835
-0.971104621887207
-0.9219156503677368
-0.9222440719604492
-0.9553223252296448
-0.9625474810600281
-0.8565219044685364
0.9043337106704712
0.9697188138961792
-0.7613538503646851
0.14787107706069946
-0.9510626792907715
-0.949662446975708
-0.972281277179718
-0.973481297492981
0.5983738303184509
-0.9244942665100098
-0.2998116910457611
-0.9808983206748962
0.1926245391368866
-0.9398500919342041
-0.5790717601776123
-0.9809941649436951
0.8573870658874512
-0.9742048978805542
-0.9369181394577026
-0.9637184143066406
-0.9784332513809204
-0.9431568384170532
0.6880320906639099
-0.8981813192367554
-0.957392156124115
-0.9384792447090149
-0.9247154593467712
-0.8346731066703796
-0.9510847926139832
-0.9698607921600342
-0.872023344039917
-0.9831962585449219
0.9822659492492676
-0.8021135330200195
0.8974454402923584
0.3993217349052429
0.9647656679153442
-0.980645477771759
-0.9489314556121826
-0.9283017516136169
-0.9398401975631714
0.9513252377510071
-0.9800921678543091
-0.9740051031112671
0.9875487089157104
-0.8354859948158264
-0.9604533910751343
-0.2602238953113556
0.9874681830406189
-0.955776572227478
-0.9699286818504333
-0.4216093420982361
-0.9647691249847412
-0.9775235652923584
-0.8807884454727173
-0.9835865497589111
-0.9325345754623413
-0.9128249883651733
-0.8966790437698364
-0.9101307988166809
-0.24450552463531494
-0.9844162464141846
-0.978834331035614
-0.9539492726325989
0.7679198384284973
-0.9718384742736816
0.35281217098236084
-0.9789541363716125
-0.9700409173965454
-0.9291097521781921
-0.8500747084617615
-0.9804652333259583
-0.9840419292449951
-0.9181779026985168
-0.9509553909301758
-0.9484577178955078
-0.9094481468200684
-0.9306989312171936
-0.9585447311401367
-0.9791193008422852
-0.9499198794364929
-0.9726617932319641
0.7670648694038391
-0.9602487087249756
-0.9173080325126648
-0.9705647826194763
-0.9873459935188293
-0.7383183240890503
-0.9641353487968445
0.9385310411453247
-0.9132698774337769
-0.9590950012207031
-0.7348324656486511
-0.9585636854171753
-0.9806226491928101
-0.9138208627700806
-0.9013895988464355
-0.4222000241279602
-0.9501402974128723
-0.9517595767974854
-0.9563981294631958
-0.963260293006897
-0.9717525839805603
-0.9706239700317383
0.9267575144767761
-0.9480530023574829
0.9840417504310608
0.8097996115684509
-0.9473405480384827
0.7079938054084778
-0.9848253726959229
-0.9060425758361816
0.9554111957550049
-0.9404591917991638
-0.9514193534851074
-0.7893093824386597
-0.15723541378974915
0.8830312490463257
-0.792576789855957
-0.4222888648509979
-0.95452880859375
-0.9665926098823547
-0.5465819239616394
-0.9732365608215332
-0.9125933647155762
0.76051926612854
-0.7665708065032959
-0.9578684568405151
-0.8783168792724609
-0.6451433300971985
0.7818489074707031
0.9813775420188904
-0.3044935166835785
-0.9574913382530212
-0.9045954942703247
-0.96281498670578
-0.9562200307846069
-0.9694596529006958
-0.9626808166503906
-0.8773688077926636
-0.9440086483955383
-0.9553565979003906
-0.9006619453430176
-0.9724857211112976
0.8527222275733948
-0.8830068707466125
-0.7937952280044556
0.8730978965759277
-0.8411459922790527
-0.954471230506897
-0.9015567898750305
-0.9550996422767639
-0.5448625087738037
-0.9880080819129944
0.9361934661865234
-0.655404806137085
-0.9740151762962341
-0.9440329074859619
-0.8551443219184875
-0.9674478769302368
-0.7399386763572693
-0.9363585114479065
-0.9384480714797974
-0.9563907980918884
-0.9545108675956726
-0.9485689401626587
-0.9357045888900757
-0.8459657430648804
-0.8521952033042908
-0.9821214079856873
-0.9178301692008972
-0.9480551481246948
-0.9534597396850586
-0.8560700416564941
-0.8631231784820557
-0.9536094665527344
-0.9640275239944458
-0.9473564624786377
-0.9770241379737854
-0.9194847345352173
-0.9120857119560242
-0.872712254524231
-0.945810079574585
-0.939776599407196
-0.9344696998596191
-0.9468925595283508
-0.9674798846244812
-0.9748867750167847
-0.9569202661514282
-0.9513318538665771
-0.9627541303634644
0.9128462076187134
-0.9232962727546692
0.6028408408164978
-0.9631102681159973
-0.9404622316360474
0.8610820174217224
0.8720011711120605
-0.6638180017471313
0.28029221296310425
-0.963880717754364
-0.9560355544090271
0.9264891147613525
-0.9001701474189758
-0.5391541719436646
-0.9339752793312073
-0.9363080859184265
-0.5168069005012512
-0.9821555018424988
-0.6927828788757324
-0.9208563566207886
-0.9547824263572693
0.9589365124702454
-0.9495927691459656
-0.7419521808624268
-0.7852555513381958
0.9288296103477478
-0.41655826568603516
-0.9451521635055542
-0.957068920135498
-0.9474363327026367
-0.985002875328064
-0.9733834266662598
0.9805315732955933
-0.9761170148849487
-0.9728198051452637
-0.8632784485816956
-0.9715126156806946
-0.8610115051269531
-0.9682718515396118
-0.9288607239723206
0.9773815870285034
-0.8995085954666138
-0.9630401134490967
-0.9505506157875061
-0.9789753556251526
-0.8263678550720215
0.8791344165802002
-0.9811897277832031
-0.9210389852523804
-0.9766227602958679
-0.9620234966278076
-0.2914932072162628
-0.4727747142314911
-0.942149817943573
-0.9585367441177368
0.9794995784759521
-0.9745784997940063
-0.9817380309104919
-0.9548659324645996
-0.9664336442947388
-0.8013910055160522
-0.9830224514007568
-0.9464211463928223
-0.9757464528083801
0.9824966192245483
-0.9709421396255493
-0.9563776850700378
-0.9742852449417114
-0.9634078741073608
-0.9647989869117737
-0.9690257906913757
-0.9498233795166016
-0.959441065788269
-0.9598470330238342
-0.9143742322921753
-0.9750639200210571
-0.9285396933555603
-0.9544663429260254
-0.918752133846283
0.9662691354751587
-0.8208615779876709
-0.9793522357940674
0.9754001498222351
-0.12728586792945862
-0.9845825433731079
-0.7858211994171143
-0.9185163378715515
0.9750925898551941
-0.9569052457809448
0.9765971302986145
-0.14093174040317535
-0.9112110733985901
-0.9373636245727539
0.9818565845489502
-0.9332486391067505
-0.885811984539032
0.9799904227256775
-0.6505596041679382
-0.9723116159439087
0.9259145855903625
-0.9538474082946777
-0.973503828048706
-0.9683192372322083
0.5056684017181396
-0.9407908320426941
-0.9141384363174438
-0.9841827750205994
-0.9754816293716431
-0.9637816548347473
0.9321025609970093
0.9649016261100769
-0.9788514971733093
-0.9406360387802124
0.5111559629440308
-0.8750001788139343
-0.9487594366073608
-0.9605810046195984
-0.7822151184082031
-0.9724833965301514
-0.9761014580726624
-0.6740409135818481
0.9706971645355225
-0.9102250337600708
-0.9869126081466675
-0.9617841839790344
-0.9761229753494263
-0.9458179473876953
-0.9569070339202881
-0.9546078443527222
-0.9504391551017761
-0.9442853927612305
-0.956308126449585
0.8881875872612
-0.9679635167121887
-0.6846590042114258
-0.9250856637954712
-0.9618951082229614
-0.9684954881668091
-0.9863759875297546
-0.8270232677459717
-0.9196558594703674
-0.9219527244567871
0.9587671756744385
-0.9446308612823486
-0.6795710325241089
-0.9640470743179321
-0.927889347076416
0.9556015729904175
0.977683424949646
-0.9491254091262817
0.9073885083198547
-0.8279814720153809
-0.37121760845184326
0.9149444699287415
-0.9423037767410278
-0.9314712285995483
-0.956789493560791
-0.9424615502357483
-0.9595510363578796
-0.594845712184906
-0.8261348009109497
0.9648299813270569
-0.9799387454986572
-0.8201014399528503
-0.9330282807350159
-0.9651964902877808
0.9010237455368042
-0.8707457184791565
-0.8952503204345703
-0.9145959615707397
-0.9724737405776978
-0.9248532056808472
-0.7795565724372864
-0.9330346584320068
-0.9808875918388367
-0.789494514465332
-0.9276224970817566
0.23328067362308502
0.47218406200408936
0.9547798037528992
0.9420152902603149
0.9363424777984619
-0.8908567428588867
-0.9726874828338623
0.9759551882743835
-0.9715489149093628
0.9728844165802002
-0.9798804521560669
0.23397007584571838
-0.5737929344177246
-0.947238028049469
0.9188441038131714
-0.9393834471702576
-0.42007237672805786
-0.9221996665000916
-0.8971594572067261
-0.9621591567993164
-0.9801418781280518
-0.9329013824462891
-0.49126356840133667
-0.975072979927063
-0.9582559466362
-0.051345087587833405
0.6029536724090576
-0.9453905820846558
-0.9727140665054321
0.8236256837844849
-0.9867815375328064
-0.6769285202026367
-0.984920084476471
-0.8421218395233154
-0.9876493811607361
0.9837467670440674
-0.9744302034378052
-0.9177197217941284
-0.8654516935348511
-0.3489146828651428
-0.8484398722648621
0.9597228765487671
-0.925161600112915
-0.86232990026474
-0.9716618657112122
0.9646273851394653
0.7625283598899841
-0.8241333961486816
-0.5028263926506042
-0.5100786685943604
-0.9598608016967773
-0.8673597574234009
0.9828059673309326
-0.8884478807449341
-0.9738380908966064
-0.32868692278862
-0.9640035033226013
-0.9318684935569763
-0.9538413286209106
-0.9073941111564636
-0.9129847288131714
-0.9772498607635498
-0.9802524447441101
-0.9715145826339722
0.6677519083023071
-0.9624167680740356
-0.9193771481513977
-0.9245649576187134
-0.8701161742210388
-0.9495732188224792
0.9847254157066345
-0.9350765943527222
-0.9760181903839111
-0.9760565757751465
-0.9132729172706604
-0.9736001491546631
0.08268094807863235
-0.8496578335762024
-0.9632737636566162
-0.9803661108016968
-0.9816941022872925
0.9578578472137451
-0.969974160194397
-0.9710997343063354
0.86070317029953
-0.952265202999115
-0.9538033604621887
-0.7225853204727173
0.47004878520965576
-0.83658766746521
-0.9890903234481812
-0.9770362973213196
-0.36320045590400696
-0.9675355553627014
-0.8953455686569214
-0.9438973069190979
-0.9875476956367493
0.9619414806365967
-0.5998728275299072
-0.9729044437408447
-0.7279890775680542
0.0924593061208725
-0.9396978616714478
-0.7027499675750732
-0.9094455242156982
-0.944328784942627
-0.9546706676483154
-0.41896772384643555
-0.9567237496376038
-0.9591025710105896
-0.866125226020813
-0.975104808807373
