-0.969224214553833
-0.7418906688690186
-0.930541455745697
-0.8486124277114868
-0.9609328508377075
-0.970400333404541
-0.9719075560569763
-0.8827642798423767
-0.9223963022232056
-0.9083024263381958
0.9138738512992859
0.8250170350074768
-0.9199284315109253
-0.9582235217094421
-0.927403450012207
-0.9491437077522278
-0.9687737822532654
-0.9664254188537598
-0.9076407551765442
-0.45995378494262695
-0.9566092491149902
-0.7624306678771973
0.8478924632072449
-0.9853466153144836
-0.8261121511459351
-0.9316547513008118
-0.9232884049415588
-0.9088864326477051
-0.9348150491714478
-0.9143174290657043
-0.8421504497528076
-0.9625504612922668
-0.4984322488307953
-0.8775475025177002
-0.8843797445297241
-0.9646360874176025
-0.9412623643875122
-0.9168614745140076
-0.9228436350822449
-0.9737110137939453
-0.8111124038696289
0.934958279132843
-0.8990390300750732
-0.6424214839935303
-0.9406108856201172
-0.6384136080741882
-0.9713854789733887
-0.8366526961326599
-0.8917646408081055
-0.9088278412818909
-0.933810293674469
-0.9530888795852661
-0.6804667711257935
0.9126119613647461
-0.8921759724617004
0.9377665519714355
-0.9639543294906616
-0.9440566301345825
-0.8177788853645325
0.9475852251052856
-0.9607574939727783
-0.9512801766395569
-0.9699612259864807
-0.9533765912055969
-0.968303918838501
-0.9245932698249817
-0.9657689929008484
-0.7875697016716003
-0.19911637902259827
-0.766918420791626
-0.8394834995269775
-0.9303848743438721
-0.9351565837860107
-0.8306009769439697
0.9604399800300598
-0.922224223613739
-0.9384942054748535
-0.9664371013641357
0.917000949382782
-0.9267051219940186
-0.9248828887939453
0.5888482928276062
-0.9812602400779724
-0.9780911207199097
0.345892995595932
0.8026085495948792
-0.9572879076004028
-0.9462756514549255
0.7056844830513
-0.9691545963287354
-0.9368483424186707
-0.9267370104789734
-0.9045323133468628
-0.8992276191711426
-0.9452029466629028
-0.6093053221702576
-0.9663553237915039
-0.9373546242713928
-0.7035121917724609
-0.9723072648048401
-0.9739105105400085
-0.9353991746902466
-0.9346684217453003
-0.9769390821456909
-0.9212917685508728
-0.9679591059684753
-0.9686740636825562
-0.9431194067001343
-0.9462429285049438
-0.9254165291786194
-0.576472818851471
-0.8450377583503723
0.6667014956474304
0.9549103379249573
0.904478907585144
0.7620986700057983
-0.9770051836967468
-0.36750495433807373
-0.8842176198959351
-0.9688236713409424
0.7250536680221558
-0.9327089190483093
0.818630576133728
-0.9315878748893738
-0.7499029636383057
-0.8202958703041077
-0.9350694417953491
-0.907656192779541
-0.9675579071044922
-0.937993049621582
-0.9816628098487854
0.7369258403778076
-0.9755052328109741
-0.9437153339385986
-0.9684945344924927
-0.9565132856369019
0.9113545417785645
-0.5802278518676758
0.9395507574081421
-0.8861306309700012
0.6310803294181824
-0.9459354877471924
-0.9464008808135986
-0.9799156188964844
-0.8577282428741455
-0.9865545630455017
-0.7824954986572266
-0.7630419135093689
-0.956618070602417
-0.8683714866638184
-0.9701932668685913
-0.9733965992927551
-0.9662164449691772
-0.8928235173225403
0.6274477243423462
-0.9724249243736267
-0.9288437366485596
-0.9765797257423401
-0.9745915532112122
-0.920897901058197
0.940544605255127
0.930510938167572
-0.8620345592498779
-0.9396287202835083
0.7257509827613831
0.605832040309906
-0.9723875522613525
-0.8858611583709717
-0.14364339411258698
-0.8182505965232849
-0.9688485860824585
-0.9215642213821411
0.7329165935516357
-0.9347742795944214
-0.8510502576828003
-0.9619026780128479
0.9398270845413208
-0.8135310411453247
-0.43254002928733826
-0.9695625305175781
-0.8398397564888
-0.9266422986984253
-0.9261579513549805
0.9392821192741394
-0.9558296799659729
-0.945317804813385
-0.9633793830871582
-0.973849892616272
-0.9322664737701416
-0.9620174765586853
-0.8756259679794312
-0.9183601140975952
-0.9557608366012573
-0.9200395941734314
-0.9676775336265564
-0.8680503964424133
-0.9454159736633301
-0.20098870992660522
-0.927947461605072
-0.8372800350189209
-0.9455803632736206
-0.935276448726654
-0.8164447546005249
-0.5355493426322937
-0.897217869758606
-0.7736725211143494
-0.9310290217399597
-0.09460768103599548
-0.6046383380889893
-0.6798825860023499
-0.5876888632774353
0.7676447033882141
-0.9543297290802002
-0.9497741460800171
-0.9712322950363159
-0.5229207873344421
-0.9757933616638184
-0.9708640575408936
-0.9311825633049011
-0.9496640563011169
-0.9537666440010071
-0.7434528470039368
-0.9564507603645325
-0.9774606227874756
-0.7684360146522522
-0.975204586982727
-0.8789531588554382
-0.9674203395843506
-0.8601489663124084
0.7249031662940979
-0.9485936164855957
-0.9099977612495422
-0.9212608337402344
-0.9596601128578186
-0.9612625241279602
-0.976391613483429
-0.9565994739532471
-0.9556993842124939
-0.9367207884788513
-0.901447057723999
-0.9335390329360962
-0.9691793322563171
0.7433117628097534
-0.9056112766265869
0.6944271326065063
-0.9437082409858704
-0.8249291181564331
-0.9615179300308228
0.3039344549179077
-0.5154715180397034
-0.9362900257110596
-0.0503108985722065
-0.8951451182365417
0.8672247529029846
-0.9774829745292664
-0.9523383378982544
-0.6480982899665833
-0.9588329792022705
-0.9375520944595337
-0.7525923252105713
-0.9501649737358093
-0.9786214828491211
-0.9502498507499695
-0.9545179605484009
-0.23083797097206116
-0.7632318735122681
-0.8952713012695312
-0.966846764087677
-0.7550994157791138
-0.8584268093109131
0.7697321772575378
-0.9778281450271606
-0.9291539192199707
-0.9084274768829346
-0.9521985054016113
-0.9069856405258179
0.07301932573318481
-0.8141031861305237
-0.96628338098526
-0.931063711643219
-0.6314109563827515
0.30786851048469543
-0.9240592122077942
-0.9428611397743225
0.9204937815666199
-0.9289672374725342
-0.8882872462272644
-0.9406440258026123
-0.8617702126502991
-0.9701909422874451
-0.8641233444213867
-0.7528831958770752
0.3148460388183594
-0.5923746824264526
0.2633468210697174
-0.8814363479614258
-0.9655978679656982
0.9330580830574036
-0.9516745805740356
-0.9066294431686401
-0.9392834901809692
0.5850531458854675
-0.9202080368995667
-0.8638691902160645
-0.9481199979782104
-0.8980302810668945
-0.8497217297554016
-0.9720076322555542
-0.9691231846809387
-0.9440227150917053
-0.8421733975410461
-0.8655576705932617
-0.9725916981697083
-0.940898597240448
-0.8933065533638
-0.9563217163085938
-0.9566841125488281
-0.8313051462173462
-0.93112713098526
-0.8905655145645142
-0.8203871846199036
-0.9543527364730835
-0.6424914598464966
-0.8820593953132629
-0.9498608112335205
-0.551169753074646
-0.9605115056037903
-0.9782935380935669
-0.8354264497756958
-0.9456892013549805
-0.9107234477996826
-0.9488468170166016
-0.8855487108230591
-0.843208909034729
-0.938319742679596
0.7280852794647217
0.6324176788330078
-0.9218081831932068
0.9001832008361816
-0.909460723400116
-0.8864313960075378
-0.9381434321403503
-0.7808812260627747
-0.8660776019096375
-0.8790553212165833
0.9304291009902954
-0.5782653093338013
-0.9652625918388367
-0.9528011083602905
-0.9422823190689087
0.9060027599334717
-0.3981429934501648
-0.9624131321907043
-0.9768264293670654
-0.866943359375
0.6920957565307617
-0.9751790165901184
-0.9082911610603333
-0.9787562489509583
-0.8898776173591614
-0.9328181147575378
-0.6609496474266052
-0.9462528228759766
-0.9660334587097168
0.98377925157547
-0.8531984090805054
-0.926512598991394
-0.9372738003730774
-0.8160072565078735
-0.8981948494911194
-0.8371676206588745
-0.8376749157905579
0.9362707734107971
-0.9139751195907593
-0.9652997255325317
-0.632669985294342
0.7514359951019287
-0.9091411232948303
-0.8851235508918762
-0.8267425894737244
-0.9394240379333496
-0.9582171440124512
-0.9582968950271606
-0.9370535612106323
-0.978096604347229
-0.9342526793479919
-0.677090048789978
-0.9650089144706726
0.8309070467948914
0.450644314289093
-0.9569928646087646
-0.45844903588294983
-0.9612029790878296
-0.8051339983940125
-0.7691460847854614
-0.9795283675193787
-0.8315389752388
-0.9589746594429016
-0.7083062529563904
0.9496524333953857
-0.9347725510597229
-0.9645394086837769
0.7847263813018799
-0.8376384377479553
-0.9508649110794067
-0.9608686566352844
-0.9430539608001709
-0.9330779910087585
-0.961764395236969
-0.9490569233894348
-0.9817311763763428
-0.9822558164596558
0.8413860201835632
0.9367257356643677
-0.9579625725746155
-0.949535608291626
-0.760755181312561
-0.9488968849182129
-0.9212906360626221
-0.9390804767608643
-0.9343068599700928
-0.9763162136077881
-0.6563898324966431
-0.9248021841049194
-0.9736688137054443
-0.8610390424728394
-0.9698082804679871
-0.9616777300834656
-0.924778163433075
-0.8129417896270752
-0.9124499559402466
-0.9723619222640991
-0.9369006156921387
-0.9721566438674927
0.9719706773757935
-0.8748968243598938
-0.814227819442749
-0.9715979099273682
-0.9445112943649292
0.5282303690910339
-0.9667736291885376
0.9353864192962646
0.9427837133407593
-0.9644384384155273
0.7439975738525391
-0.9391131401062012
-0.9803153276443481
-0.9678943157196045
-0.9484991431236267
-0.8656556010246277
-0.9515691995620728
-0.9597027897834778
-0.10404853522777557
-0.9136972427368164
0.8895693421363831
-0.8156902194023132
-0.944108247756958
-0.9485493302345276
-0.9622342586517334
-0.958112359046936
-0.8399243950843811
-0.9138239026069641
-0.9225494861602783
-0.8200677633285522
-0.38076314330101013
0.7996687293052673
-0.9596025943756104
-0.968840479850769
-0.6742610931396484
-0.6478090286254883
-0.9371254444122314
-0.9769276976585388
-0.9719104170799255
-0.9262269735336304
-0.944511353969574
-0.8900310397148132
-0.9749906063079834
-0.791064977645874
-0.94785076379776
-0.9204796552658081
-0.9396886825561523
0.7351663708686829
-0.9428314566612244
-0.941806972026825
-0.9718050360679626
-0.9637593030929565
-0.9585860967636108
-0.916651725769043
-0.9378491640090942
-0.9711806774139404
-0.9720401763916016
-0.9560791254043579
-0.7218745350837708
-0.9584014415740967
-0.9117836952209473
-0.9736360311508179
0.7970873117446899
-0.9763066172599792
-0.9354040622711182
-0.9580353498458862
-0.9555509686470032
-0.8506315350532532
-0.9727124571800232
-0.8976742029190063
-0.9397621154785156
-0.9596876502037048
-0.8443303108215332
-0.227529838681221
-0.9690126180648804
-0.9786036014556885
0.7321362495422363
-0.9634312987327576
-0.9524699449539185
-0.9599461555480957
-0.8796833753585815
-0.7958341240882874
-0.8764423727989197
-0.9392877221107483
-0.9101094007492065
0.35734009742736816
-0.950404703617096
-0.9546205997467041
-0.9500035047531128
-0.9281730055809021
-0.9227231740951538
-0.978087306022644
-0.961286723613739
-0.853651762008667
-0.06140933185815811
0.9192863702774048
-0.9253631234169006
-0.9136887788772583
-0.9173303246498108
-0.9064873456954956
-0.9366742968559265
-0.9677822589874268
-0.8837424516677856
-0.9249364137649536
-0.9449602365493774
-0.9537013173103333
0.7814873456954956
-0.45559191703796387
0.8723191618919373
-0.9534114599227905
-0.952400803565979
0.856166660785675
-0.73375004529953
-0.9310702085494995
-0.6531350612640381
-0.9687358140945435
-0.967505693435669
0.9516270160675049
-0.4309711456298828
-0.9658303260803223
-0.8326936364173889
0.9716632962226868
-0.9569939970970154
-0.8977682590484619
0.18543024361133575
0.9562538862228394
-0.9446902871131897
-0.9631946086883545
-0.967978835105896
-0.9297319650650024
-0.9059988856315613
-0.9357286691665649
-0.9261846542358398
-0.4760955572128296
-0.9670963287353516
-0.9712417125701904
-0.9811193346977234
-0.20273379981517792
-0.2474944293498993
0.9192835092544556
-0.9209368824958801
-0.9053394794464111
-0.9250891208648682
-0.9515093564987183
-0.9531930088996887
-0.9266157150268555
-0.9588439464569092
-0.8632329702377319
0.8228664398193359
-0.8651702404022217
-0.7189733386039734
0.3422706127166748
-0.9628928899765015
-0.9078642129898071
0.9124325513839722
-0.968734622001648
-0.9371920824050903
-0.9397737383842468
-0.9650840163230896
-0.9621977806091309
-0.9413345456123352
-0.8320963382720947
-0.9297491312026978
-0.8978817462921143
-0.9643327593803406
-0.8664767742156982
-0.9547113180160522
-0.9552237391471863
0.5996302962303162
-0.9368326663970947
0.9370075464248657
-0.9591974020004272
-0.5686361193656921
-0.7008830308914185
-0.920464038848877
-0.5372517704963684
0.9137086272239685
-0.9529569149017334
0.8328437805175781
0.9755862951278687
-0.9642665386199951
-0.9397447109222412
-0.9534512162208557
-0.9351464509963989
-0.935378909111023
-0.942025363445282
0.9187489151954651
-0.9710991978645325
-0.9365928173065186
-0.8748835921287537
-0.921477198600769
-0.5533608198165894
-0.9511899352073669
-0.9237053990364075
-0.9171124696731567
-0.9596973657608032
0.955530047416687
-0.9268804788589478
-0.9380578994750977
-0.9372254014015198
0.9677608013153076
-0.9715746641159058
-0.4874039888381958
0.8871169686317444
-0.16207553446292877
-0.9395588636398315
-0.8997376561164856
-0.9367865920066833
-0.918660044670105
-0.903448760509491
-0.9512169361114502
-0.9427937269210815
-0.5969974994659424
0.8554491400718689
0.952541172504425
0.8458971977233887
0.7819809913635254
-0.9728962182998657
-0.9329860210418701
-0.9482582211494446
0.9394709467887878
-0.9737988710403442
0.9636155366897583
-0.9713402390480042
-0.8624902367591858
-0.8906667232513428
-0.9099846482276917
-0.9324429631233215
-0.7681647539138794
-0.4732954502105713
0.5690272450447083
0.9558820724487305
-0.8781337141990662
-0.6809266209602356
0.12282810360193253
-0.9682959318161011
0.7716520428657532
-0.7271853685379028
0.8474248051643372
-0.9727481007575989
-0.9614524245262146
-0.9562461972236633
-0.9599618315696716
-0.9721860885620117
-0.9343257546424866
-0.979678750038147
-0.9431090354919434
-0.9495766758918762
-0.9795322418212891
-0.9433857798576355
-0.9659148454666138
-0.8083540201187134
-0.9128921031951904
-0.9542407393455505
-0.9355381727218628
-0.6393347978591919
-0.6900755167007446
0.8539736270904541
-0.7777624130249023
-0.9564169049263
-0.9644026756286621
-0.942453145980835
0.855122447013855
0.8362222909927368
0.8064665794372559
-0.9063514471054077
-0.556628406047821
-0.9490129947662354
-0.957831859588623
-0.9274019002914429
-0.8144871592521667
-0.8588179349899292
-0.9264873266220093
-0.8053773641586304
0.9311517477035522
-0.8849957585334778
0.03963151574134827
-0.9217673540115356
-0.33182814717292786
-0.9177944660186768
-0.9229156970977783
0.68244469165802
-0.8929824233055115
-0.9493535757064819
-0.8809833526611328
0.7451804876327515
-0.9176397919654846
-0.9056634902954102
-0.5341196060180664
-0.946372389793396
0.9621567726135254
-0.8717749714851379
-0.9449348449707031
-0.9328243732452393
-0.9773151874542236
-0.9532685279846191
-0.9576835036277771
-0.8878514766693115
-0.8520501255989075
-0.9470418691635132
0.025998957455158234
-0.5762313008308411
-0.9829995632171631
-0.9589105844497681
-0.8113475441932678
0.9454529285430908
0.9593286514282227
-0.8246980309486389
-0.8659654855728149
0.8961844444274902
-0.9317426681518555
-0.9613951444625854
-0.9333621263504028
0.7621059417724609
-0.6184184551239014
-0.9460265636444092
0.9751497507095337
-0.9501263499259949
0.8409586548805237
-0.920261800289154
-0.9442191123962402
0.24515575170516968
-0.9520355463027954
-0.9591140747070312
0.9165104031562805
-0.8908376097679138
0.9136517643928528
-0.9495932459831238
-0.7927335500717163
-0.9542256593704224
-0.8889042139053345
-0.14119426906108856
-0.9657157063484192
-0.9668568968772888
0.33062174916267395
-0.5537665486335754
-0.9705531001091003
-0.6158648133277893
-0.7196805477142334
-0.9512420892715454
-0.8852577805519104
-0.9568359851837158
-0.9498010277748108
-0.8397813439369202
-0.9594107270240784
-0.9657736420631409
0.7480632066726685
0.2970644533634186
-0.9097817540168762
-0.9508183002471924
-0.8065609931945801
-0.7965063452720642
-0.9215763807296753
-0.9385777115821838
-0.9040127992630005
-0.9207671284675598
-0.9656801223754883
-0.4681641459465027
-0.9846354126930237
-0.9304742217063904
-0.9605180621147156
-0.9605462551116943
-0.9413906931877136
-0.9722694158554077
-0.3443267345428467
-0.9067894816398621
-0.9342096447944641
-0.9396138191223145
0.8229010701179504
-0.9509499073028564
0.9496661424636841
-0.9313324689865112
-0.9230652451515198
-0.9645437002182007
-0.6728460192680359
-0.9422316551208496
-0.9056608080863953
-0.9075427055358887
-0.47639065980911255
-0.9613099098205566
-0.6961796283721924
-0.9604983925819397
-0.7414021492004395
-0.962233304977417
-0.9464629292488098
-0.9539654850959778
-0.9557984471321106
-0.89328932762146
0.6807087659835815
-0.9738528728485107
-0.9742294549942017
-0.9842261075973511
-0.8344137072563171
-0.9072359800338745
-0.7855862379074097
-0.9418155550956726
-0.9555606842041016
-0.7656152248382568
-0.9438142776489258
-0.9490687251091003
-0.9684789776802063
-0.9267998337745667
-0.9527378678321838
-0.7912482023239136
-0.5665503144264221
-0.7017849087715149
0.5607709884643555
0.9174925684928894
-0.8017013669013977
0.9392415881156921
-0.9726992845535278
-0.8588048815727234
-0.9083195924758911
-0.8020285367965698
-0.9593555331230164
-0.9050371646881104
-0.9167992472648621
-0.9589831233024597
0.9626285433769226
-0.9617974758148193
-0.8375389575958252
-0.7347378730773926
-0.9606320858001709
-0.9643478393554688
-0.9765046834945679
0.2545948922634125
-0.9382656216621399
-0.956503689289093
-0.2836075723171234
-0.9670971632003784
-0.968339741230011
-0.9426339864730835
-0.9620816707611084
-0.9716292023658752
-0.9699319005012512
-0.6819503307342529
-0.9374053478240967
-0.9573824405670166
-0.9302639961242676
-0.9670644402503967
-0.8995099663734436
-0.9809423685073853
0.6606037616729736
-0.9056184887886047
-0.9735554456710815
-0.9639975428581238
-0.9310259819030762
-0.8331725597381592
-0.8432421088218689
-0.48424676060676575
-0.9729183316230774
-0.8011826872825623
0.9534986019134521
1.0000001192092896
-0.6844096779823303
-0.9747039675712585
-0.9069970846176147
-0.9598791599273682
-0.9574638605117798
0.8471929430961609
-0.15881764888763428
-0.7322331666946411
-0.9536449909210205
-0.6229174137115479
-0.9410809278488159
-0.8282574415206909
-0.5243794918060303
-0.9278268218040466
-0.16217800974845886
-0.966163694858551
-0.9570451974868774
-0.9258142709732056
-0.9558534622192383
-0.9628476500511169
-0.8400221467018127
-0.8143114447593689
-0.9787479639053345
-0.9293327331542969
0.9249799251556396
-0.9371567368507385
-0.9718739986419678
-0.9660704135894775
-0.9709169864654541
-0.8894532918930054
-0.9056209325790405
-0.8808313608169556
-0.93424391746521
0.953623354434967
-0.9683495163917542
-0.9087583422660828
-0.9008328914642334
-0.8514825105667114
-0.5114985108375549
-0.3516346514225006
-0.9252129793167114
-0.8251166939735413
-0.9701266288757324
-0.06147325783967972
-0.9537691473960876
-0.7995867729187012
-0.9614437222480774
-0.8891308307647705
0.9247286319732666
-0.9519937038421631
-0.9084558486938477
-0.9679897427558899
0.7254863977432251
-0.9525788426399231
0.891038715839386
-0.9637719392776489
-0.9469758868217468
-0.9130409359931946
-0.8288867473602295
-0.9582277536392212
-0.965901792049408
0.06056396663188934
-0.8974833488464355
-0.9650616645812988
-0.8265149593353271
0.9327403903007507
-0.9636216163635254
0.9103995561599731
-0.9286779165267944
-0.9762330055236816
-0.8659744262695312
-0.9581679105758667
-0.8616622090339661
-0.97604900598526
0.9288432598114014
-0.8863546848297119
1.0000001192092896
0.774776816368103
0.9231992959976196
-0.5733383297920227
0.9633383750915527
-0.9581847190856934
-0.9541343450546265
-0.9551395773887634
0.9297926425933838
-0.9627018570899963
-0.9684870839118958
-0.9213752746582031
-0.9658669233322144
-0.9604146480560303
-0.9507800340652466
-0.958716630935669
0.7722424864768982
-0.9276762008666992
0.940122127532959
0.9223049879074097
-0.9759078025817871
-0.6688427925109863
-0.9704364538192749
-0.032054413110017776
0.4871375560760498
-0.9671263694763184
-0.9579131007194519
0.8293269276618958
-0.9717236757278442
-0.9625435471534729
-0.9334518909454346
-0.9350703954696655
-0.9163471460342407
-0.8962622284889221
0.9581419825553894
-0.958375871181488
-0.9461716413497925
-0.9299967885017395
-0.961065948009491
-0.9792537689208984
-0.6709675192832947
-0.9359369277954102
-0.04203978553414345
-0.9572033286094666
-0.8984646797180176
-0.9725490808486938
0.2027289718389511
-0.9552444219589233
0.7279431819915771
-0.901275634765625
-0.7065362930297852
-0.9497950673103333
-0.9577738046646118
-0.9712362289428711
-0.7279379963874817
0.8192632794380188
-0.9656628966331482
-0.9836627840995789
-0.5436080694198608
-0.9725493788719177
-0.5597884654998779
-0.8900954723358154
-0.9138476848602295
-0.8909765481948853
-0.970652163028717
-0.7626954913139343
0.9213361144065857
-0.9742507338523865
0.31815388798713684
-0.9457141757011414
-0.964360237121582
-0.9470760822296143
-0.9494432806968689
-0.9561328887939453
0.8881270885467529
0.8359102010726929
-0.8441650867462158
-0.8638219237327576
-0.9270648956298828
0.7967128753662109
0.9543789625167847
-0.6300235986709595
-0.9700109958648682
0.9248130917549133
-0.9444264769554138
-0.9570736885070801
-0.9680007696151733
-0.8197518587112427
-0.9628874659538269
-0.642989456653595
-0.9628663063049316
-0.6927614808082581
0.867167592048645
0.8229010701179504
0.8647260665893555
-0.9461891055107117
-0.6969878077507019
-0.810181736946106
-0.9138199687004089
-0.8867540955543518
0.7885125279426575
-0.9425259828567505
-0.6322211623191833
-0.9143105745315552
-0.9022331833839417
-0.9308674335479736
-0.9444761276245117
-0.6602926254272461
-0.9849258661270142
-0.9622161984443665
0.6837784647941589
-0.9465108513832092
0.9249280095100403
0.8984920382499695
-0.9419247508049011
-0.9794228076934814
-0.5232680439949036
-0.20041415095329285
-0.9465559720993042
-0.41531869769096375
-0.9690536260604858
0.13075768947601318
-0.377476304769516
-0.9609760046005249
0.5190038084983826
-0.9560489654541016
-0.9383105039596558
-0.9408209323883057
-0.9723957777023315
-0.9455986618995667
-0.9541144371032715
-0.9453219771385193
-0.7997708916664124
-0.9653459787368774
-0.9716341495513916
-0.93987637758255
0.7768847942352295
-0.8639508485794067
-0.9303197860717773
-0.9642816781997681
0.9023296236991882
-0.921802282333374
0.7336502075195312
-0.6343090534210205
-0.9354526400566101
-0.8202610611915588
-0.8259090185165405
-0.9825493097305298
-0.952733039855957
-0.9786362051963806
-0.9374151825904846
-0.9730271100997925
-0.9622166156768799
-0.9831264019012451
-0.9537450075149536
-0.7894636988639832
-0.6099220514297485
-0.9332497715950012
-0.9692425727844238
-0.5492260456085205
-0.3890612721443176
0.861702024936676
-0.7880523204803467
-0.9244953393936157
0.27842089533805847
0.8593090176582336
-0.9755340814590454
-0.7718809843063354
-0.9520424008369446
-0.9424456357955933
-0.6441848874092102
-0.9531022906303406
-0.9442667961120605
-0.9103485345840454
-0.9047214984893799
-0.35102587938308716
-0.9717718362808228
-0.9449304342269897
-0.9556605815887451
-0.9563407301902771
-0.7215995788574219
-0.9619337320327759
-0.9546058177947998
-0.9701932668685913
-0.937443733215332
0.7326433658599854
-0.9496711492538452
0.9510849714279175
-0.9546268582344055
0.8718028664588928
0.9352770447731018
-0.9436570405960083
-0.9402710795402527
-0.960785448551178
-0.803321897983551
-0.9462572336196899
0.11571959406137466
-0.9796812534332275
-0.8575268983840942
0.8211654424667358
-0.8274245262145996
0.9319700002670288
-0.6947321891784668
-0.8637794852256775
-0.9732088446617126
-0.942362904548645
-0.9734494090080261
-0.7709144949913025
-0.8054929375648499
-0.9670650362968445
-0.8583422899246216
-0.9494752287864685
-0.926933765411377
-0.9470677971839905
-0.9697772264480591
-0.8714563846588135
-0.8754396438598633
-0.8236847519874573
-0.912361204624176
-0.9544527530670166
-0.8409379124641418
0.9380670785903931
-0.8763709664344788
-0.9378628730773926
-0.3739648163318634
-0.9445122480392456
-0.9192261695861816
0.8287843465805054
-0.9818281531333923
-0.5982736945152283
-0.8900185823440552
-0.9677382707595825
0.042766135185956955
-0.7173890471458435
-0.9581737518310547
-0.9815642833709717
0.8796184062957764
-0.794421911239624
-0.9638029336929321
0.4128851890563965
-0.7011444568634033
0.847123920917511
-0.9611817002296448
0.4440433382987976
0.9627840518951416
0.5018064379692078
0.7200056314468384
-0.7291191816329956
-0.971059262752533
-0.813119649887085
0.9533109664916992
-0.7546302080154419
-0.9800770282745361
0.9269840717315674
-0.9515838027000427
-0.9658820033073425
-0.9343019127845764
-0.8784265518188477
-0.975757896900177
-0.9689164757728577
-0.8103939294815063
0.7818683385848999
-0.7735502123832703
-0.8990656137466431
0.7558643817901611
-0.9689103364944458
-0.9641984701156616
-0.7720054388046265
-0.9510085582733154
0.9616358876228333
-0.5889293551445007
-0.929238498210907
-0.6995062232017517
-0.9624015092849731
-0.9544854760169983
0.9688390493392944
-0.9509551525115967
-0.428893506526947
-0.9822658896446228
-0.9328305125236511
-0.975165069103241
0.752206027507782
-0.30604246258735657
-0.9635055661201477
-0.9681998491287231
0.8758795857429504
-0.8879470825195312
-0.9463435411453247
0.9250985383987427
-0.9432971477508545
-0.9612419009208679
-0.9280142188072205
0.9038291573524475
-0.960633397102356
-0.8787932991981506
-0.9558470249176025
-0.893012285232544
-0.7001432180404663
0.39314883947372437
-0.9678732752799988
0.9274424314498901
-0.9111835360527039
-0.9435826539993286
-0.9367449283599854
-0.9787871837615967
-0.8685205578804016
-0.9666520357131958
-0.6775772571563721
-0.9619889259338379
0.3706473112106323
-0.946975827217102
0.36757969856262207
-0.946039080619812
-0.9472507834434509
-0.6036777496337891
-0.947702169418335
0.916854739189148
-0.8128790259361267
-0.9603413939476013
-0.7145777940750122
-0.958794116973877
0.7933463454246521
-0.8187475800514221
0.9516505002975464
-0.7653338313102722
-0.8196579813957214
-0.9539039731025696
-0.912973165512085
-0.5030038952827454
-0.8847052454948425
-0.9020761251449585
-0.9489080905914307
-0.947569727897644
-0.9608365297317505
-0.9714168310165405
0.9219813942909241
-0.8852258920669556
0.6951848268508911
-0.9484211802482605
-0.022964201867580414
-0.9691737294197083
-0.8261238932609558
-0.7653526067733765
-0.893427848815918
0.78928142786026
-0.8790012001991272
-0.9647178649902344
-0.8535500168800354
-0.9769691228866577
-0.9126998782157898
-0.7310420274734497
-0.9280282855033875
-0.8489489555358887
-0.9735943078994751
-0.9337905049324036
-0.9172545671463013
-0.8929358124732971
-0.9422354102134705
-0.8794920444488525
0.33155328035354614
-0.7397961616516113
0.9610220193862915
-0.8965349793434143
-0.9411391019821167
-0.5646811127662659
-0.9515546560287476
-0.8973347544670105
-0.9823676347732544
-0.9449591040611267
-0.9252465963363647
-0.9850811958312988
-0.9578599333763123
-0.959877610206604
-0.9015046954154968
-0.9620563983917236
-0.9761872291564941
-0.8125824928283691
-0.6429138779640198
-0.7224298715591431
-0.9732145667076111
-0.79171222448349
-0.9130162000656128
-0.42265236377716064
-0.9739524722099304
-0.975829005241394
-0.9608963131904602
-0.9187369346618652
-0.9386171102523804
-0.9126622676849365
-0.8990411162376404
-0.9324222803115845
-0.9776875376701355
-0.9190158843994141
0.9566866159439087
-0.985393226146698
-0.9799520969390869
-0.5607994794845581
-0.9487409591674805
-0.8993239998817444
-0.9373162984848022
-0.9689958691596985
-0.9628862738609314
0.9421390891075134
-0.9424261450767517
-0.968278169631958
-0.9667485356330872
-0.7916480302810669
-0.8852282166481018
-0.982387900352478
-0.6722936034202576
-0.9484630823135376
-0.6329855918884277
-0.8822547197341919
-0.845018744468689
-0.8461092710494995
-0.9444852471351624
-0.9799464344978333
-0.8892978429794312
-0.9469214081764221
0.500045657157898
-0.9850571155548096
-0.9397357106208801
-0.7993372082710266
-0.9672908186912537
-0.9406495690345764
-0.7321451306343079
0.8061500787734985
-0.9356719255447388
-0.9234169721603394
0.28709253668785095
-0.9288811683654785
-0.9694012403488159
-0.9527632594108582
-0.9601989984512329
-0.977113664150238
-0.9525275826454163
-0.8769261837005615
-0.6907558441162109
-0.790166974067688
-0.5058602690696716
-0.8286815881729126
-0.9692928194999695
-0.9635838866233826
-0.942434549331665
-0.9586695432662964
-0.934459388256073
0.3025914132595062
-0.4043564796447754
-0.9679697155952454
0.8391547799110413
-0.9479769468307495
-0.9700207710266113
-0.945814847946167
-0.8937253355979919
-0.9252517223358154
-0.9350921511650085
-0.9536805748939514
-0.8315631151199341
-0.9658669233322144
-0.8523336052894592
-0.9199286699295044
0.9147387742996216
-0.9484042525291443
-0.7029159665107727
-0.9533805251121521
-0.978620171546936
-0.9555879831314087
-0.3603817820549011
-0.9635842442512512
0.9367235898971558
-0.6732504367828369
-0.30118653178215027
0.9189772605895996
-0.9441713690757751
-0.951090395450592
-0.9768149256706238
-0.9736096858978271
-0.943850040435791
0.3955135941505432
0.6226720809936523
-0.9404735565185547
-0.9701542258262634
-0.7314642071723938
-0.7616948485374451
-0.935386061668396
-0.9331552982330322
0.9099748134613037
-0.6140578389167786
-0.870086669921875
-0.9317666292190552
-0.9677639007568359
-0.9504680037498474
-0.9511957168579102
-0.8613625764846802
-0.2701529264450073
-0.6930700540542603
-0.968073844909668
-0.911676824092865
-0.6226599216461182
-0.8614920377731323
-0.9359295964241028
-0.9618872404098511
-0.9468103647232056
-0.9526177644729614
-0.9457367062568665
-0.8794821500778198
-0.8919999003410339
-0.15660294890403748
-0.9739751219749451
-0.8656867742538452
0.9772087335586548
-0.9441598653793335
-0.9418513774871826
0.33067283034324646
-0.9728726744651794
-0.9673807621002197
-0.8785758018493652
-0.3395671248435974
-0.9491693377494812
-0.9658647179603577
-0.2118765115737915
-0.39434152841567993
-0.9573211669921875
-0.9025246500968933
-0.28201258182525635
-0.9614585638046265
-0.8875060677528381
-0.9624194502830505
-0.9819636344909668
-0.93374103307724
-0.8626945614814758
-0.8872097134590149
-0.9755169153213501
-0.9258494973182678
0.9511740803718567
-0.8884353637695312
-0.9585427045822144
-0.7849641442298889
-0.6664146780967712
-0.9697901010513306
-0.9624408483505249
-0.9756908416748047
-0.9233601093292236
-0.9452823996543884
0.9579713344573975
-0.8874078989028931
-0.9374985694885254
-0.9535331130027771
0.7181060314178467
-0.9749473929405212
-0.929389238357544
-0.8914222717285156
-0.6203885674476624
-0.945372462272644
-0.9605584740638733
-0.9384142160415649
0.7381830215454102
0.9254181981086731
-0.9105827808380127
-0.33385440707206726
-0.9425004124641418
-0.8157048225402832
-0.9591723680496216
-0.9629782438278198
0.23221339285373688
-0.9420831203460693
-0.7693229913711548
-0.958635151386261
-0.16002778708934784
-0.9475288391113281
-0.6613647937774658
-0.9615727663040161
0.6758249402046204
-0.9651332497596741
-0.9291682839393616
-0.9401746988296509
-0.9710292816162109
-0.9027765989303589
0.5378537178039551
-0.9282106757164001
-0.9533741474151611
-0.8305447101593018
-0.8711269497871399
-0.8755778074264526
-0.924187958240509
-0.9603952765464783
-0.846768856048584
-0.9764121770858765
0.963807225227356
-0.5691285729408264
0.8154990673065186
-0.1303628832101822
0.778499186038971
-0.9468650221824646
-0.9530333280563354
-0.9325170516967773
-0.9032967686653137
0.9077932834625244
-0.9734625816345215
-0.9768205881118774
0.970053493976593
-0.9527745842933655
-0.9370904564857483
-0.5877231359481812
0.95469069480896
-0.9486969709396362
-0.9454384446144104
-0.9001407027244568
-0.9719362854957581
-0.9633087515830994
-0.8384041786193848
-0.9681333303451538
-0.8971021175384521
-0.9560447931289673
-0.8534077405929565
-0.9662895202636719
-0.8401413559913635
-0.9467412233352661
-0.9614973664283752
-0.9274726510047913
0.674315333366394
-0.9822686314582825
-0.7825199961662292
-0.982731282711029
-0.9545299410820007
-0.9660669565200806
-0.8123250603675842
-0.9740052819252014
-0.9804372191429138
-0.948969841003418
-0.9052283763885498
-0.9382327198982239
-0.9109771251678467
-0.8930315375328064
-0.9586997628211975
-0.9670612812042236
-0.9679107069969177
-0.9380677342414856
0.2268645465373993
-0.9496319890022278
-0.9243984222412109
-0.9409223794937134
-0.9708958864212036
-0.6606322526931763
-0.9462729692459106
0.9317128658294678
-0.9201845526695251
-0.9684794545173645
-0.9084984064102173
-0.9327247738838196
-0.956329882144928
-0.7058920860290527
-0.9206051230430603
-0.757178008556366
-0.9471735954284668
-0.9723464250564575
-0.9533547163009644
-0.9588450789451599
-0.941879153251648
-0.9657277464866638
0.8937338590621948
-0.9483336806297302
0.9491970539093018
0.6662036180496216
-0.949836254119873
0.6961830258369446
-0.9838985204696655
-0.9136092662811279
0.88919997215271
-0.9522206783294678
-0.9577336311340332
-0.7270237803459167
-0.5368985533714294
0.48144713044166565
-0.4375373423099518
-0.8263797163963318
-0.9192714691162109
-0.9592057466506958
-0.6860343217849731
-0.9598363637924194
-0.7420885562896729
0.4289257526397705
-0.6299133896827698
-0.8851124048233032
-0.9027101993560791
-0.8066974878311157
0.7031810879707336
0.931646466255188
-0.5555196404457092
-0.9471678733825684
-0.9555492997169495
-0.9569768905639648
-0.9739515781402588
-0.9532750844955444
-0.9372866153717041
-0.7971567511558533
-0.9362717866897583
-0.9094434976577759
-0.8690246939659119
-0.9729126691818237
0.49762699007987976
-0.8608593344688416
-0.6270848512649536
0.6291268467903137
-0.9313387274742126
-0.9291558861732483
-0.7538055181503296
-0.9437285661697388
-0.6840574145317078
-0.9841575622558594
0.9137802720069885
-0.8504504561424255
-0.9726008772850037
-0.9237019419670105
-0.8983252048492432
-0.9530182480812073
-0.9358915686607361
-0.9379695653915405
-0.9138028621673584
-0.9583631157875061
-0.7549448609352112
-0.8810948729515076
-0.9525353312492371
-0.797723650932312
-0.9366958141326904
-0.9812982082366943
-0.9275408983230591
-0.9560260772705078
-0.9726699590682983
-0.9036539793014526
-0.8471055030822754
-0.9521446228027344
-0.9631485342979431
-0.9275844097137451
-0.9629532098770142
-0.9018641710281372
-0.887840986251831
-0.8026599884033203
-0.9376170039176941
-0.9521037340164185
-0.9613083600997925
-0.961596667766571
-0.9561582803726196
-0.9662322998046875
-0.9669404029846191
-0.9594095945358276
-0.9581547975540161
0.7857657670974731
-0.9650393128395081
-0.07667276263237
-0.9563353657722473
-0.8989431858062744
0.8092963695526123
0.7270252704620361
-0.7667769193649292
0.04572117701172829
-0.9608601927757263
-0.9485206604003906
0.9059426784515381
-0.8201719522476196
-0.20666301250457764
-0.8550016283988953
-0.9644583463668823
-0.7799015641212463
-0.9602464437484741
-0.8883981108665466
-0.9094598293304443
-0.9628168940544128
0.9414627552032471
-0.9528378844261169
-0.731890082359314
-0.9005573987960815
0.8534150123596191
-0.5317842960357666
-0.9309478998184204
-0.9294328093528748
-0.9117538928985596
-0.9734618067741394
-0.9468562602996826
0.9620586633682251
-0.9695683121681213
-0.9478904008865356
-0.831119954586029
-0.9649229049682617
-0.854454755783081
-0.9553778171539307
-0.9195041060447693
0.9617598652839661
-0.8506746292114258
-0.9392464756965637
-0.9351746439933777
-0.9494378566741943
-0.833562970161438
0.8151007294654846
-0.9649379849433899
-0.8968839049339294
-0.9633036255836487
-0.9540049433708191
-0.3422500193119049
-0.5745088458061218
-0.9508047103881836
-0.9388271570205688
0.9002200365066528
-0.9634738564491272
-0.9787050485610962
-0.8934770822525024
-0.9608758687973022
-0.8469991683959961
-0.9678140878677368
-0.9776606559753418
-0.9632667899131775
0.9767789244651794
-0.9679578542709351
-0.9442273378372192
-0.9667572975158691
-0.9594696760177612
-0.9521524906158447
-0.9610825777053833
-0.8966392874717712
-0.9456902742385864
-0.9619489312171936
-0.9412290453910828
-0.9602128863334656
-0.9291738271713257
-0.9410505890846252
-0.9480600953102112
0.953944981098175
-0.8232470750808716
-0.9786072969436646
0.9522979855537415
-0.7582927346229553
-0.9823877811431885
-0.8582654595375061
-0.9441918134689331
0.9015509486198425
-0.9453876614570618
0.9132129549980164
-0.634824275970459
-0.9171643853187561
-0.9350171089172363
0.9674598574638367
-0.9665237665176392
-0.8178460597991943
0.9629378914833069
-0.6504483222961426
-0.9441101551055908
0.8846008777618408
-0.9398489594459534
-0.9659267663955688
-0.9638245701789856
0.06524312496185303
-0.9422855377197266
-0.8293976187705994
-0.9559297561645508
-0.9465954303741455
-0.9519245624542236
0.8885596990585327
0.9369027614593506
-0.9742379188537598
-0.9599998593330383
0.6247308254241943
-0.8699029684066772
-0.9636532664299011
-0.9625559449195862
-0.7764683961868286
-0.957853376865387
-0.9465782642364502
-0.8273272514343262
0.92966628074646
-0.9167375564575195
-0.9763071537017822
-0.9396301507949829
-0.9620389938354492
-0.8957266211509705
-0.9166278839111328
-0.9472036957740784
-0.9004308581352234
-0.8546522855758667
-0.9692513942718506
0.6918707489967346
-0.9725357294082642
-0.7789427638053894
-0.9200055003166199
-0.9688123464584351
-0.9638726115226746
-0.9777181148529053
-0.654859721660614
-0.9030640125274658
-0.9142619371414185
0.9110908508300781
-0.9353154897689819
-0.6599663496017456
-0.921085000038147
-0.9304166436195374
0.968095064163208
0.936400830745697
-0.9508848190307617
0.9407038688659668
-0.87265944480896
-0.2584889531135559
0.7702772617340088
-0.9408301711082458
-0.9340823888778687
-0.9429619908332825
-0.9434045553207397
-0.9629408121109009
-0.631186306476593
-0.8907310962677002
0.8974669575691223
-0.9682778120040894
-0.8469420671463013
-0.9446166157722473
-0.9177992939949036
0.7442982196807861
-0.7138879895210266
-0.7966715693473816
-0.9247947931289673
-0.9573178887367249
-0.9515563249588013
-0.9047308564186096
-0.9034678936004639
-0.9763239622116089
-0.875916063785553
-0.9451438188552856
-0.24227875471115112
0.07171610742807388
0.9001047611236572
0.8957225680351257
0.8286442160606384
-0.8886862993240356
-0.9678980112075806
0.9513203501701355
-0.9686466455459595
0.9460962414741516
-0.9741018414497375
0.1938222050666809
-0.7353672981262207
-0.9074810743331909
0.7462185621261597
-0.912399411201477
-0.6629511713981628
-0.9523065090179443
-0.889825165271759
-0.9470651149749756
-0.9577704668045044
-0.9498265385627747
-0.4003041684627533
-0.9735996723175049
-0.9696316123008728
-0.7033628821372986
0.051736973226070404
-0.9456762075424194
-0.9677047729492188
0.7027515172958374
-0.9760883450508118
-0.463849812746048
-0.9701023101806641
-0.8845656514167786
-0.9632104635238647
0.9562665224075317
-0.9564308524131775
-0.8396132588386536
-0.905866265296936
-0.3665825426578522
-0.9027520418167114
0.918581485748291
-0.8958396911621094
-0.9114164113998413
-0.9411634206771851
0.9617824554443359
0.6753649115562439
-0.9093616008758545
-0.7689361572265625
-0.835273265838623
-0.9595217704772949
-0.8092074394226074
0.9279385805130005
-0.8976357579231262
-0.9579604268074036
-0.042888469994068146
-0.9605942964553833
-0.9314985871315002
-0.938083291053772
-0.9410857558250427
-0.9622234106063843
-0.9601693153381348
-0.9812935590744019
-0.9450481534004211
-0.10257555544376373
-0.9450691342353821
-0.7994184494018555
-0.9630638957023621
-0.8957227468490601
-0.9449318647384644
0.9545689225196838
-0.9553018808364868
-0.9588080644607544
-0.946642279624939
-0.8404964804649353
-0.9717530608177185
0.25446173548698425
-0.9348640441894531
-0.9353853464126587
-0.9720198512077332
-0.9769490957260132
0.9501893520355225
-0.9725801944732666
-0.9762601256370544
0.8140735030174255
-0.9261795282363892
-0.8471617102622986
-0.913586437702179
0.3546448051929474
-0.9103363752365112
-0.9846081137657166
-0.9332491159439087
-0.585136890411377
-0.9820376038551331
-0.9219031929969788
-0.9446523189544678
-0.9792572259902954
0.9410492181777954
-0.7620745301246643
-0.97713303565979
-0.7939506769180298
-0.1324128657579422
-0.8967558145523071
-0.9029171466827393
-0.8426691889762878
-0.949180006980896
-0.9583619236946106
-0.637978196144104
-0.9256104826927185
-0.9044412970542908
-0.9479343295097351
-0.9749978184700012
